aux_grating
#       Grating R831 in position B
#       Grating B translation table (based on Marc Dubbeldam's report)
#       NOTE: These figures are based on Marc's orientation A measurement
#       corrected using the offset       0
#       corrected again using the Jun     e 2000
#       corrected again using the Feb         2001
#       updated for grating R831 bing     23.3 to
#       all stepvalues
#       except 0,0
#
#       edited December 2nd after R831 grating reglued. LF, KR, PG
#       edited December 14th afterKR
#       edited January 11 2005 to ps.     TP/JW
#	edited november 22 2013 to remove ZPC offset  SS
#	edited Nov 2014 to remove ZPC drift -sunny
#       Cell  Tilt    Steps


2  0      29.0173
2  7.755      865.032
2  26.016      2792.032
2  35.717      3806.192
2  35.846      3819.132
2  35.959      3831.202
2  36.088      3845.052
2  36.196      3856.432
2  36.323      3869.642
2  36.449      3882.672
2  36.566      3894.892
2  36.682      3907.312
2  36.801      3920.332
2  36.914      3932.762
2  37.029      3945.302
2  37.145      3957.882
2  37.262      3970.552
2  37.375      3982.772
2  37.496      3995.682
2  37.614      4007.952
2  37.736      4020.472
2  37.855      4032.812
2  37.977      4045.692
2  38.093      4057.892
2  38.213      4070.342
2  38.335      4082.632
2  38.457      4095.282
2  38.573      4107.682
2  38.686      4119.932
2  38.8      4132.232
2  38.916      4144.712
2  39.031      4157.142
2  39.142      4169.312
2  39.255      4181.642
2  39.375      4194.432
2  39.485      4205.872
2  39.609      4218.702
2  39.726      4230.952
2  39.844      4243.392
2  39.958      4255.312
2  40.077      4267.622
2  40.192      4279.542
2  40.316      4292.602
2  40.426      4304.352
2  40.538      4316.362
2  40.654      4328.782
2  40.764      4340.622
2  40.879      4353.192
2  40.99      4365.452
2  41.098      4377.262
2  41.211      4389.292
2  41.33      4401.692
2  41.445      4413.672
2  41.561      4425.892
2  41.675      4437.912
2  41.79      4449.882
2  41.909      4462.122
2  42.025      4474.042
2  42.142      4486.192
2  42.256      4498.202
2  42.368      4510.172
2  42.48      4522.292
2  42.589      4534.162
2  42.7      4546.242
2  42.811      4558.282
2  42.922      4570.262
2  43.031      4581.972
2  43.146      4594.242
2  43.259      4606.172
2  43.371      4617.882
2  43.487      4629.952
2  43.602      4641.952
2  43.715      4653.762
2  43.829      4665.662
2  43.944      4677.602
2  44.058      4689.462
2  44.17      4701.232
2  44.283      4713.262
2  44.395      4725.322
2  44.499      4736.592
2  44.611      4748.772
2  44.721      4760.732
2  44.828      4772.332
2  44.938      4784.142
2  45.053      4796.322
2  45.161      4807.572
2  45.277      4819.622
2  45.388      4831.272
2  45.504      4843.572
2  45.61      4854.782
2  45.724      4866.662
2  45.836      4878.222
2  45.955      4890.532
2  46.062      4901.742
2  46.175      4913.722
2  46.283      4925.302
2  46.392      4937.112
2  46.499      4948.762
2  46.605      4960.342
2  46.716      4972.412
2  46.821      4983.712
2  46.932      4995.452
2  47.045      5007.262
2  47.156      5018.792
2  47.267      5030.342
2  47.383      5042.432
2  47.491      5053.732
2  47.601      5065.252
2  47.71      5076.652
2  47.829      5089.042
2  47.938      5100.422
2  48.044      5111.652
2  48.153      5123.422
2  48.256      5134.682
2  48.367      5146.812
2  48.473      5158.312
2  48.58      5169.862
2  48.684      5181.052
2  48.794      5192.832
2  48.903      5204.402
2  49.014      5216.052
2  49.125      5227.582
2  49.233      5238.742
2  49.349      5250.732
2  49.458      5262.002
2  49.57      5273.542
2  49.682      5285.082
2  49.792      5296.562
2  49.899      5308.032
2  50.005      5319.662
2  50.106      5330.832
2  50.213      5342.592
2  50.318      5354.012
2  50.424      5365.472
2  50.529      5376.782
2  50.637      5388.332
2  50.747      5399.902
2  50.856      5411.152
2  50.968      5422.672
2  51.078      5434.142
2  51.185      5445.512
2  51.292      5456.902
2  51.402      5468.392
2  51.512      5479.682
2  51.626      5491.422
2  51.731      5502.502
2  51.835      5513.692
2  51.944      5525.502
2  52.048      5536.752
2  52.155      5548.322
2  52.256      5559.282
2  52.362      5570.832
2  52.467      5582.202
2  52.577      5593.882
2  52.681      5604.692
2  52.792      5616.172
2  52.903      5627.822
2  53.007      5638.892
2  53.117      5650.502
2  53.226      5661.682
2  53.334      5672.552
2  53.45      5684.352
2  53.562      5696.122
2  53.66      5706.642
2  53.766      5718.072
2  53.873      5729.602
2  53.978      5740.992
2  54.081      5752.362
2  54.176      5762.992
2  54.283      5774.812
2  54.389      5786.002
2  54.49      5796.152
2  54.622      5809.352
2  54.713      5818.852
2  54.829      5831.352
2  54.933      5842.482
2  55.042      5853.722
2  55.149      5864.792
2  55.252      5876.192
2  65      6907.032
2  77.06      8180.032
2  89.741      9519.032

#       Grating R831 in position C
#       Using R400 in position C as starting point. Determined offset
#       (for grating R831 in posits)
#       Other positions offset, zero kept at zero, IJ 2002nov21
#       Cell  Tilt    Steps




3  0.0000      64.447
3  7.7600      883.55
3  26.0160      2810.55
3  38.0600      4076.5774
3  38.1770      4089.0172
3  38.2940      4101.4445
3  38.4110      4113.8589
3  38.5320      4126.2613
3  38.6510      4138.6507
3  38.7650      4151.0268
3  38.8820      4163.3905
3  39.0020      4175.7416
3  39.1150      4188.0811
3  39.2350      4200.4085
3  39.3540      4212.7238
3  39.4680      4225.0262
3  39.5860      4237.3165
3  39.7000      4249.5955
3  39.8170      4261.8624
3  39.9330      4274.1181
3  40.0470      4286.3625
3  40.1590      4298.5944
3  40.2760      4310.8146
3  40.3910      4323.0231
3  40.5070      4335.2207
3  40.6240      4347.4074
3  40.7360      4359.5828
3  40.8540      4371.7474
3  40.9680      4383.8999
3  41.0820      4396.0419
3  41.2020      4408.173
3  41.3170      4420.2936
3  41.4290      4432.4038
3  41.5440      4444.5035
3  41.6580      4456.5923
3  41.7740      4468.6703
3  41.8870      4480.7381
3  41.9990      4492.7955
3  42.1110      4504.8433
3  42.1670      4510.8633
3  42.2230      4516.8809
3  42.3380      4528.9085
3  42.5670      4552.9327
3  42.6810      4564.9297
3  42.7950      4576.9174
3  42.9070      4588.8954
3  43.0230      4600.8638
3  43.1370      4612.8229
3  43.2510      4624.7723
3  43.3640      4636.7117
3  43.4780      4648.6418
3  43.5860      4660.5626
3  43.6960      4672.4742
3  43.8100      4684.3773
3  43.9220      4696.2708
3  44.0350      4708.1558
3  44.1440      4720.0315
3  44.2570      4731.8979
3  44.3740      4743.7555
3  44.4860      4755.6043
3  44.5960      4767.4446
3  44.8190      4791.0998
3  44.9340      4802.9147
3  45.0480      4814.7215
3  45.1570      4826.5187
3  45.2720      4838.3078
3  45.3810      4850.0889
3  45.4920      4861.8619
3  45.6030      4873.6269
3  45.7120      4885.3838
3  45.8250      4897.133
3  45.9330      4908.8743
3  46.0480      4920.607
3  46.1550      4932.3321
3  46.2670      4944.0491
3  46.3780      4955.7585
3  46.4890      4967.4607
3  46.6030      4979.1552
3  46.7120      4990.842
3  46.8220      5002.5216
3  46.9360      5014.1939
3  47.0450      5025.8586
3  47.1540      5037.5157
3  47.2690      5049.1654
3  47.3760      5060.808
3  47.4820      5072.4437
3  47.5910      5084.0725
3  47.7030      5095.6941
3  47.8110      5107.3089
3  47.9200      5118.9168
3  48.0300      5130.5179
3  48.2520      5153.6991
3  48.3620      5165.2796
3  48.4710      5176.8533
3  48.5800      5188.4206
3  48.6900      5199.9814
3  48.7990      5211.5362
3  48.9090      5223.0841
3  49.0210      5234.626
3  49.1320      5246.1614
3  49.2410      5257.6904
3  49.3460      5269.2134
3  49.4560      5280.7295
3  49.5630      5292.24
3  49.6700      5303.7444
3  49.7770      5315.2429
3  49.8890      5326.7352
3  49.9980      5338.222
3  50.1060      5349.7027
3  50.2150      5361.1777
3  50.3250      5372.6472
3  50.4330      5384.1106
3  50.5370      5395.5683
3  50.6470      5407.0204
3  50.7580      5418.4669
3  50.8650      5429.9082
3  50.9760      5441.3434
3  51.0850      5452.7738
3  51.1920      5464.1986
3  51.2980      5475.6185
3  51.4030      5487.0328
3  51.5110      5498.4419
3  51.6170      5509.8461
3  51.7280      5521.2451
3  51.8360      5532.6389
3  51.9430      5544.0274
3  52.0490      5555.4107
3  52.1600      5566.7896
3  52.2690      5578.1632
3  52.3730      5589.5325
3  52.4830      5600.8965
3  52.5930      5612.256
3  52.7010      5623.6108
3  52.8050      5634.9611
3  52.9160      5646.307
3  53.0250      5657.6483
3  53.1260      5668.9852
3  53.2350      5680.3173
3  53.3410      5691.6449
3  53.4440      5702.9681
3  53.5520      5714.2873
3  53.6630      5725.6021
3  53.7670      5736.9124
3  53.8770      5748.2188
3  53.9790      5759.5211
3  54.0890      5770.8189
3  54.1980      5782.1132
3  54.3020      5793.403
3  54.4110      5804.6892
3  54.5170      5815.9714
3  54.6260      5827.2496
3  54.7310      5838.5237
3  54.8400      5849.7942
3  54.9430      5861.0607
3  55.1010      5877.9536
3  55.1530      5883.5829
3  55.2600      5894.8381
3  55.3640      5906.0901
3  55.4710      5917.3389
3  55.5760      5928.5837
3  65.0000      6925.55
3  77.0740      8200.05
3  89.7410      9537.05

#       Grating D translation table (based on Marc Dubbeldam's report).
#       NOTE: These figures are based on Marc's orientation A measurement
#       corrected using the offset       0
#       corrected again using the Jun     e 2000
#       corrected again using the ary         2001
#       corrected again using the Feb         2001
#	corrected again 2023 10 05
#       Grating R831
#	Long grating calibartion (350-1082nm) 06 Feb, 2008 - KR,AD
#       Cell  Tilt    Steps


4  00.000      117.179
4  07.755      937.938
4  26.025      2867.44
4  35.153      3823.27
4  35.277      3835.94
4  35.398      3848.6
4  35.519      3861.25
4  35.642      3873.88
4  35.755      3886.5
4  35.877      3899.1
4  35.996      3911.7
4  36.110      3924.27
4  36.232      3936.84
4  36.353      3949.39
4  36.464      3961.93
4  36.583      3974.45
4  36.703      3986.97
4  36.822      3999.47
4  36.939      4011.95
4  37.060      4024.43
4  37.180      4036.89
4  37.301      4049.34
4  37.417      4061.78
4  37.533      4074.2
4  37.648      4086.62
4  37.770      4099.02
4  37.888      4111.41
4  37.999      4123.79
4  38.116      4136.15
4  38.238      4148.51
4  38.349      4160.85
4  38.462      4173.19
4  38.583      4185.51
4  38.697      4197.82
4  38.813      4210.12
4  38.934      4222.41
4  39.051      4234.69
4  39.169      4246.96
4  39.286      4259.21
4  39.406      4271.46
4  39.516      4283.7
4  39.635      4295.92
4  39.747      4308.14
4  39.865      4320.35
4  39.975      4332.54
4  40.091      4344.73
4  40.205      4356.99
4  40.318      4369.24
4  40.437      4381.49
4  40.551      4393.72
4  40.669      4405.94
4  40.782      4418.16
4  40.903      4430.36
4  41.017      4442.56
4  41.134      4454.74
4  41.253      4466.92
4  41.365      4479.09
4  41.475      4491.24
4  41.596      4503.39
4  41.709      4515.53
4  41.821      4527.66
4  41.933      4539.78
4  42.052      4551.89
4  42.162      4563.99
4  42.276      4576.08
4  42.390      4588.17
4  42.504      4600.24
4  42.616      4612.31
4  42.737      4624.37
4  42.852      4636.42
4  42.967      4648.46
4  43.084      4660.49
4  43.198      4672.51
4  43.307      4684.52
4  43.423      4696.53
4  43.535      4708.53
4  43.648      4720.52
4  43.758      4732.5
4  43.875      4744.47
4  43.983      4756.43
4  44.096      4768.39
4  44.210      4780.33
4  44.319      4792.27
4  44.434      4804.2
4  44.547      4816.13
4  44.661      4828.04
4  44.778      4839.95
4  44.894      4851.85
4  45.004      4863.74
4  45.116      4875.62
4  45.225      4887.49
4  45.343      4899.36
4  45.451      4911.22
4  45.562      4923.07
4  45.673      4934.92
4  45.787      4946.76
4  45.893      4958.58
4  46.007      4970.41
4  46.117      4982.22
4  46.231      4994.03
4  46.339      5005.82
4  46.453      5017.62
4  46.568      5029.4
4  46.680      5041.18
4  46.796      5052.95
4  46.906      5064.71
4  47.020      5076.47
4  47.124      5088.22
4  47.242      5099.96
4  47.349      5111.69
4  47.460      5123.42
4  47.567      5135.14
4  47.663      5145.16
4  47.786      5158.56
4  47.895      5170.26
4  48.010      5181.95
4  48.119      5193.64
4  48.227      5205.32
4  48.341      5216.99
4  48.451      5228.65
4  48.563      5240.31
4  48.679      5251.97
4  48.789      5263.61
4  48.897      5275.25
4  49.005      5286.88
4  49.118      5298.51
4  49.226      5310.13
4  49.333      5321.74
4  49.444      5333.35
4  49.556      5344.95
4  49.660      5356.55
4  49.768      5368.13
4  49.877      5379.72
4  49.986      5391.29
4  50.102      5402.86
4  50.209      5414.42
4  50.318      5425.98
4  50.430      5437.53
4  50.541      5449.08
4  50.653      5460.62
4  50.762      5472.15
4  50.866      5483.68
4  50.976      5495.2
4  51.083      5506.71
4  51.193      5518.22
4  51.299      5529.73
4  51.408      5541.23
4  51.516      5552.72
4  51.621      5564.21
4  51.730      5575.69
4  51.840      5587.16
4  51.950      5598.63
4  52.056      5610.1
4  52.167      5621.55
4  52.279      5633.01
4  52.389      5644.45
4  52.501      5655.9
4  52.610      5667.33
4  52.712      5678.76
4  52.818      5690.19
4  52.930      5701.57
4  53.038      5712.94
4  53.140      5724.29
4  53.247      5735.65
4  53.359      5747.0
4  53.461      5758.34
4  53.566      5769.68
4  53.675      5781.01
4  53.784      5792.34
4  53.890      5803.66
4  53.997      5814.98
4  54.102      5826.29
4  54.214      5837.6
4  54.325      5848.9
4  54.432      5860.2
4  54.541      5871.5
4  54.642      5882.79
4  54.751      5894.08
4  54.858      5905.36
4  55.013      5922.27
4  55.070      5927.91
4  55.171      5939.18
4  55.283      5950.44
4  55.380      5961.7
4  55.489      5972.96
4  55.597      5984.21
4  55.706      5995.46
4  65.000      6980.44
4  77.069      8254.44
4  89.745      9592.44
