aux_grating
# NOTE: These figures are based on Marc's orientation A measurement
#
# Grating B480:
#
# Values for B480 in position 2 are
# copied over from B600 as a starting point.
#
# Dec 9, 2022; centered wrt the ZPC, unable to run full sequence at this time
# Cell  Tilt    Steps


2  0.0000      20.7707
2  7.7550      838.9707
2  26.0250      2768.4707
2  48.3490      5142.7009
2  48.4120      5149.3401
2  48.4790      5155.9763
2  48.5400      5162.6098
2  48.7350      5182.4977
2  48.7920      5189.1222
2  48.9270      5202.2353
2  48.9770      5208.7804
2  49.0530      5215.37
2  49.1670      5228.6858
2  49.2330      5235.4123
2  49.3010      5242.1903
2  49.4230      5256.0813
2  49.4840      5262.4694
2  49.5500      5269.3439
2  49.6730      5282.3898
2  49.7340      5289.1506
2  49.7990      5296.1001
2  49.8590      5302.7173
2  49.9280      5309.4962
2  49.9840      5315.8224
2  50.0500      5322.4201
2  50.1150      5328.9535
2  50.1760      5335.7802
2  50.2360      5342.1616
2  50.2980      5348.7908
2  50.3600      5355.3358
2  50.4270      5361.9698
2  50.4870      5368.6205
2  50.5540      5375.6075
2  50.6150      5382.1094
2  50.6770      5388.4625
2  50.7400      5395.082
2  50.8010      5401.7765
2  50.8680      5408.5499
2  50.9300      5414.8745
2  50.9900      5421.4009
2  51.0490      5427.8405
2  51.1150      5434.375
2  51.1770      5441.2792
2  51.2410      5448.1283
2  51.3060      5454.866
2  51.3660      5461.5487
2  51.4290      5468.2243
2  51.4880      5474.5358
2  51.5510      5481.3348
2  51.6160      5488.1227
2  51.6760      5494.6375
2  51.7370      5501.3462
2  51.8010      5507.6585
2  51.8620      5514.3456
2  51.9280      5521.0591
2  51.9920      5527.495
2  52.0490      5533.7964
2  52.1130      5540.7755
2  52.1750      5547.0171
2  52.2380      5553.4653
2  52.3040      5560.4043
2  52.3600      5566.7784
2  52.4230      5573.3279
2  52.4880      5580.15
2  52.5460      5586.2876
2  52.6120      5593.1754
2  52.6740      5599.5261
2  52.7370      5605.9933
2  52.7980      5612.553
2  52.8600      5619.3483
2  52.9220      5625.36
2  52.9840      5632.0097
2  53.0440      5638.7739
2  53.1110      5645.4858
2  53.1720      5651.8814
2  53.2350      5658.8726
2  53.2940      5665.0368
2  53.3540      5671.592
2  53.4190      5678.4593
2  53.4810      5685.1216
2  53.5410      5691.7834
2  53.6030      5698.031
2  53.6690      5705.0071
2  53.7270      5711.185
2  53.7920      5718.1656
2  53.8540      5724.4261
2  53.9130      5730.3688
2  53.9740      5737.1767
2  54.0400      5743.9391
2  54.0970      5750.2386
2  54.1580      5756.7871
2  54.2210      5763.246
2  54.2860      5769.8968
2  54.3430      5776.2374
2  54.4040      5782.7551
2  54.4670      5789.1707
2  55.1500      5861.5347
2  55.2120      5868.013
2  55.2680      5874.1404
2  55.4560      5894.0988
2  55.5160      5900.6613
2  55.5800      5906.9832
2  55.6410      5913.362
2  55.7020      5920.1885
2  55.7610      5926.3432
2  55.8230      5932.7302
2  55.8880      5939.723
2  55.9490      5945.9144
2  56.0070      5952.3184
2  56.1350      5965.4128
2  56.1960      5971.9515
2  56.2570      5978.3944
2  56.3140      5984.8446
2  56.3760      5991.1697
2  56.4390      5997.504
2  56.4960      6003.7184
2  56.5620      6010.4137
2  56.6240      6017.0202
2  56.6860      6023.6426
2  56.7430      6029.8217
2  56.8050      6036.3488
2  56.8710      6042.966
2  56.9300      6049.6608
2  56.9940      6056.4415
2  57.0510      6062.8535
2  57.1130      6069.3218
2  57.1730      6075.6822
2  57.2360      6082.2617
2  57.2950      6088.7585
2  57.3570      6095.3316
2  57.4220      6101.955
2  57.4810      6108.3023
2  57.5420      6114.4405
2  57.6030      6121.2162
2  57.6670      6127.4141
2  57.7240      6133.7052
2  57.7880      6140.4883
2  57.8500      6147.0616
2  57.9080      6152.9867
2  57.9690      6159.6568
2  58.0310      6166.2945
2  58.0920      6172.5635
2  58.1530      6179.2935
2  58.2150      6185.8217
2  58.2770      6192.0762
2  58.3390      6198.4535
2  58.3970      6204.8124
2  58.4590      6211.1774
2  58.5190      6217.627
2  58.5820      6224.0988
2  58.6430      6230.5325
2  58.7060      6236.9741
2  58.7660      6243.4364
2  58.8260      6249.9919
2  58.8910      6256.9443
2  58.9480      6263.1719
2  59.0090      6269.404
2  59.0700      6276.1023
2  59.1310      6282.4822
2  59.1920      6288.9151
2  59.2860      6298.8862
2  59.3140      6301.9457
2  59.3760      6308.441
2  59.4940      6321.1158
2  59.5570      6327.6505
2  59.6200      6334.0013
2  59.6760      6340.3424
2  65.0000      6881.4707
2  77.0690      8155.4707
2  89.7450      9493.4707

# Work do commision new LUT -GMOS team 20220913
# re-centering lut 20231005
# re-centering after housing work 20250714
## Cell  Tilt    Steps






3  0.00000      42.2793
3  7.75500      860.4793
3  26.0250      2789.9793
3  48.3490      5141.1209
3  48.4120      5147.7601
3  48.4790      5154.3963
3  48.5400      5161.0298
3  48.7350      5180.9177
3  48.7920      5187.5422
3  48.9270      5200.6553
3  48.9770      5207.2004
3  49.0530      5213.79
3  49.1670      5227.1058
3  49.2330      5233.8323
3  49.3010      5240.6103
3  49.4230      5254.5013
3  49.4840      5260.8894
3  49.5500      5267.7639
3  49.6730      5280.8098
3  49.7340      5287.5706
3  49.7990      5294.5201
3  49.8590      5301.1373
3  49.9280      5307.9162
3  49.9840      5314.2424
3  50.0500      5320.8401
3  50.1150      5327.3735
3  50.1760      5334.2002
3  50.2360      5340.5816
3  50.2980      5347.2108
3  50.3600      5353.7558
3  50.4270      5360.3898
3  50.4870      5367.0405
3  50.5540      5374.0275
3  50.6150      5380.5294
3  50.6770      5386.8825
3  50.7400      5393.502
3  50.8010      5400.1965
3  50.8680      5406.9699
3  50.9300      5413.2945
3  50.9900      5419.8209
3  51.0490      5426.2605
3  51.1150      5432.795
3  51.1770      5439.6992
3  51.2410      5446.5483
3  51.3060      5453.286
3  51.3660      5459.9687
3  51.4290      5466.6443
3  51.4880      5472.9558
3  51.5510      5479.7548
3  51.6160      5486.5427
3  51.6760      5493.0575
3  51.7370      5499.7662
3  51.8010      5506.0785
3  51.8620      5512.7656
3  51.9280      5519.4791
3  51.9920      5525.915
3  52.0490      5532.2164
3  52.1130      5539.1955
3  52.1750      5545.4371
3  52.2380      5551.8853
3  52.3040      5558.8243
3  52.3600      5565.1984
3  52.4230      5571.7479
3  52.4880      5578.57
3  52.5460      5584.7076
3  52.6120      5591.5954
3  52.6740      5597.9461
3  52.7370      5604.4133
3  52.7980      5610.973
3  52.8600      5617.7683
3  52.9220      5623.78
3  52.9840      5630.4297
3  53.0440      5637.1939
3  53.1110      5643.9058
3  53.1720      5650.3014
3  53.2350      5657.2926
3  53.2940      5663.4568
3  53.3540      5670.012
3  53.4190      5676.8793
3  53.4810      5683.5416
3  53.5410      5690.2034
3  53.6030      5696.451
3  53.6690      5703.4271
3  53.7270      5709.605
3  53.7920      5716.5856
3  53.8540      5722.8461
3  53.9130      5728.7888
3  53.9740      5735.5967
3  54.0400      5742.3591
3  54.0970      5748.6586
3  54.1580      5755.2071
3  54.2210      5761.666
3  54.2860      5768.3168
3  54.3430      5774.6574
3  54.4040      5781.1751
3  54.4670      5787.5907
3  55.1500      5859.9547
3  55.2120      5866.433
3  55.2680      5872.5604
3  55.4560      5892.5188
3  55.5160      5899.0813
3  55.5800      5905.4032
3  55.6410      5911.782
3  55.7020      5918.6085
3  55.7610      5924.7632
3  55.8230      5931.1502
3  55.8880      5938.143
3  55.9490      5944.3344
3  56.0070      5950.7384
3  56.1350      5963.8328
3  56.1960      5970.3715
3  56.2570      5976.8144
3  56.3140      5983.2646
3  56.3760      5989.5897
3  56.4390      5995.924
3  56.4960      6002.1384
3  56.5620      6008.8337
3  56.6240      6015.4402
3  56.6860      6022.0626
3  56.7430      6028.2417
3  56.8050      6034.7688
3  56.8710      6041.386
3  56.9300      6048.0808
3  56.9940      6054.8615
3  57.0510      6061.2735
3  57.1130      6067.7418
3  57.1730      6074.1022
3  57.2360      6080.6817
3  57.2950      6087.1785
3  57.3570      6093.7516
3  57.4220      6100.375
3  57.4810      6106.7223
3  57.5420      6112.8605
3  57.6030      6119.6362
3  57.6670      6125.8341
3  57.7240      6132.1252
3  57.7880      6138.9083
3  57.8500      6145.4816
3  57.9080      6151.4067
3  57.9690      6158.0768
3  58.0310      6164.7145
3  58.0920      6170.9835
3  58.1530      6177.7135
3  58.2150      6184.2417
3  58.2770      6190.4962
3  58.3390      6196.8735
3  58.3970      6203.2324
3  58.4590      6209.5974
3  58.5190      6216.047
3  58.5820      6222.5188
3  58.6430      6228.9525
3  58.7060      6235.3941
3  58.7660      6241.8564
3  58.8260      6248.4119
3  58.8910      6255.3643
3  58.9480      6261.5919
3  59.0090      6267.824
3  59.0700      6274.5223
3  59.1310      6280.9022
3  59.1920      6287.3351
3  59.2860      6297.3062
3  59.3140      6300.3657
3  59.3760      6306.861
3  59.4940      6319.5358
3  59.5570      6326.0705
3  59.6200      6332.4213
3  59.6760      6338.7624
3  65.0000      6902.9793
3  77.0690      8176.9793
3  89.7450      9514.9793






#
# LUT shfted to fix slot-D jump, SS Jan.10,2017
# LUT adjusted for GMOS limit switch fix -Sunny
# LUT centered in zero order image 2023.05.31 -Sunny
# LUTcentered and check 20260112 -Sunny


4  0.0000      88.6156
4  7.7550      906.8146
4  26.0250      2836.3146
4  40.2310      4334.8146
4  48.1760      5171.8855
4  48.2920      5184.5897
4  48.3560      5191.1996
4  48.4840      5204.4424
4  48.5430      5210.6542
4  48.6190      5218.6233
4  48.6710      5224.0591
4  48.8100      5238.4689
4  48.8710      5244.8773
4  48.9260      5251.1574
4  48.9910      5258.2535
4  49.1850      5278.6165
4  49.2460      5285.2249
4  49.3750      5298.9403
4  49.4360      5305.6737
4  49.6290      5325.7511
4  49.6850      5332.0004
4  49.7460      5338.327
4  49.8750      5352.0203
4  49.9380      5358.7307
4  50.0040      5365.2987
4  50.0630      5371.533
4  50.1300      5378.4637
4  50.1880      5384.993
4  50.2510      5391.6643
4  50.3130      5398.0844
4  50.3760      5404.6825
4  50.4430      5411.5278
4  50.5050      5417.8434
4  50.5630      5424.2298
4  50.6290      5431.042
4  50.6980      5437.8023
4  50.7540      5444.0164
4  50.8190      5450.9773
4  50.8790      5457.6492
4  50.9370      5464.1255
4  51.0070      5471.0717
4  51.0680      5477.6857
4  51.1330      5484.3707
4  51.1940      5491.0901
4  51.2540      5497.6092
4  51.3210      5504.3962
4  51.3790      5511.1939
4  51.4430      5517.37
4  51.5080      5524.1824
4  51.5640      5530.5027
4  51.6190      5536.7698
4  51.6870      5543.6551
4  51.7540      5550.4149
4  51.8110      5556.6765
4  51.8740      5563.0506
4  51.9350      5569.5968
4  52.0030      5576.6357
4  52.0610      5583.0873
4  52.1240      5589.6165
4  52.1860      5596.1896
4  52.2480      5602.6682
4  52.3120      5609.0293
4  52.3740      5615.4112
4  52.4350      5622.1001
4  52.5030      5628.8757
4  52.5600      5634.9043
4  52.6210      5641.5852
4  52.6890      5648.5359
4  52.7440      5654.7352
4  52.8020      5661.2382
4  52.8690      5668.1195
4  52.9330      5674.6078
4  52.9970      5681.3677
4  53.0590      5687.9112
4  53.1200      5694.5754
4  53.1850      5701.4238
4  53.2390      5707.6656
4  53.3020      5714.2133
4  53.3710      5720.8108
4  53.4310      5727.4542
4  53.4840      5733.7005
4  53.5460      5739.9542
4  53.6120      5746.8339
4  53.6700      5753.1624
4  53.7380      5759.9839
4  53.7990      5766.5936
4  53.8610      5772.914
4  53.9190      5779.2446
4  53.9830      5786.1038
4  54.0470      5792.6723
4  54.1080      5798.9501
4  54.1700      5805.3288
4  54.2290      5811.778
4  54.2910      5818.2837
4  54.3580      5824.8342
4  54.4200      5831.4155
4  54.4840      5838.0151
4  54.5440      5844.6206
4  54.6040      5851.2171
4  54.6690      5857.7937
4  54.7270      5864.3359
4  54.7920      5870.8312
4  54.8480      5877.2664
4  54.9140      5883.9942
4  54.9750      5890.5447
4  55.0350      5897.0382
4  55.0960      5903.6032
4  55.1600      5910.3003
4  55.2190      5916.3718
4  55.2830      5922.8172
4  55.3410      5929.6916
4  55.5220      5949.0574
4  55.5860      5955.3011
4  55.6490      5962.0671
4  55.7100      5968.3742
4  55.7680      5974.6215
4  55.8280      5981.2025
4  55.8890      5987.6896
4  55.9560      5994.6046
4  56.0180      6000.8407
4  56.0760      6007.0317
4  56.1400      6013.6864
4  56.2010      6019.907
4  56.2640      6026.4469
4  56.3260      6033.0004
4  56.3880      6039.6419
4  56.4500      6046.0644
4  56.5050      6052.2127
4  56.5680      6059.1534
4  56.6280      6065.6439
4  56.6980      6072.5128
4  56.7570      6078.9012
4  57.2400      6130.7642
4  57.2950      6136.6844
4  57.3630      6143.4236
4  57.4240      6149.9029
4  57.4870      6156.3859
4  57.5440      6162.6528
4  57.6110      6169.3429
4  57.6730      6175.8719
4  57.7280      6182.1733
4  57.7950      6188.9134
4  57.8570      6195.3347
4  57.9150      6201.4974
4  57.9780      6207.7878
4  58.0400      6214.4675
4  58.0970      6220.7446
4  58.1640      6227.2989
4  58.2220      6233.5736
4  58.2830      6240.0094
4  58.3410      6246.2525
4  58.4060      6252.8294
4  58.4650      6259.4955
4  58.5260      6266.0231
4  58.5900      6272.6751
4  58.6500      6278.9205
4  58.7120      6285.6163
4  58.7720      6291.9954
4  58.8320      6298.429
4  58.9190      6308.136
4  58.9530      6311.4632
4  59.0170      6317.8497
4  59.0810      6324.4114
4  59.1370      6330.9378
4  59.1920      6337.2416
4  59.2560      6343.3981
4  59.3240      6350.3065
4  65.0000      6946.2946
4  77.0690      8220.2946
4  89.7450      9558.2946
