aux_grating
# Grating R400 in position B:
# Stolen from the R600 short calibration linear aux for position 4

# long config done 2014 Jun, 17 by Sunny
# long config done 2015 Mar, 4 by Sunny 
# long calibration checking done 2016 Oct, 18 by Sunny
# grating ZPC adjustments not working, centered with LU edit. Jan. 11, 2018 -Sunny

# Cell  Tilt    Steps


2  0.00000      66.2869
2  7.75500      884.4869
2  26.0250      2813.9869
2  40.2310      4311.9869
2  51.5200      5501.1838
2  51.5710      5506.8368
2  51.6260      5512.4869
2  51.6720      5518.1333
2  51.7850      5529.4164
2  51.8340      5535.0531
2  52.1800      5571.676
2  52.2870      5583.3647
2  52.3350      5588.9353
2  52.3880      5594.3468
2  52.4400      5599.6593
2  52.4870      5604.9323
2  52.5420      5610.2256
2  52.5900      5615.6199
2  52.6390      5621.0706
2  52.6950      5626.4877
2  52.7470      5631.7951
2  52.7950      5637.1026
2  52.8490      5642.6562
2  52.9090      5648.1517
2  52.9570      5653.595
2  53.0050      5658.9256
2  53.0620      5664.2144
2  53.1090      5669.4986
2  53.1570      5674.8114
2  53.2130      5680.1891
2  53.2650      5685.6575
2  53.3180      5691.2933
2  53.3770      5697.2745
2  53.4240      5702.2403
2  53.4750      5707.4403
2  53.5250      5712.7502
2  53.5720      5718.1171
2  53.6220      5723.4283
2  53.6820      5729.182
2  53.7300      5734.9499
2  53.7760      5739.6173
2  53.8350      5745.9598
2  53.8840      5751.2556
2  53.9320      5756.9237
2  53.9860      5762.7602
2  54.0350      5768.0768
2  54.0910      5773.7122
2  54.1410      5779.44
2  54.1910      5784.7528
2  54.2460      5790.6031
2  54.2980      5796.2073
2  54.3480      5801.5018
2  54.3960      5806.6584
2  54.4460      5812.0381
2  54.5010      5817.6041
2  54.5500      5822.8324
2  54.6080      5828.1389
2  54.6560      5833.4719
2  54.7040      5838.8306
2  54.7630      5844.2058
2  54.8110      5849.5646
2  54.8570      5854.9295
2  54.9180      5860.3026
2  54.9660      5865.6827
2  55.0120      5871.0703
2  55.0660      5876.4655
2  55.1190      5881.8682
2  55.1720      5887.2783
2  55.2240      5892.6964
2  55.2740      5898.1224
2  55.3300      5903.5562
2  55.3800      5908.9975
2  55.4320      5914.4467
2  55.4830      5919.9044
2  55.5360      5925.3698
2  55.5840      5930.8554
2  55.6390      5936.4044
2  55.6890      5941.9137
2  55.7400      5947.3749
2  55.7840      5952.742
2  55.8410      5958.2508
2  55.8890      5963.8455
2  55.9330      5969.1051
2  55.9880      5974.7563
2  56.0430      5980.3931
2  56.0940      5985.7212
2  56.1450      5991.6035
2  56.1980      5997.4308
2  56.2480      6002.5591
2  56.2970      6007.5342
2  56.3450      6012.731
2  56.3980      6017.9458
2  56.4490      6023.1968
2  56.4980      6028.4829
2  56.5530      6033.8
2  56.6050      6039.1464
2  56.6530      6044.5183
2  56.7060      6049.9142
2  56.7570      6055.3302
2  56.8090      6060.7642
2  56.8640      6066.2128
2  56.9140      6071.6744
2  56.9670      6077.1449
2  57.0140      6082.623
2  57.0690      6088.1042
2  57.1220      6093.5873
2  57.1700      6099.0685
2  57.2270      6104.5462
2  57.2840      6110.0164
2  57.3350      6115.4772
2  57.3790      6120.9255
2  57.4390      6126.3589
2  57.4870      6131.7743
2  57.5400      6137.1694
2  57.5870      6142.5411
2  57.6330      6147.8869
2  57.6870      6153.2035
2  57.7340      6158.4892
2  57.7830      6163.7405
2  57.8270      6168.9339
2  57.8820      6174.1501
2  57.9260      6179.4817
2  57.9820      6185.2009
2  58.0380      6191.3666
2  58.0840      6196.8813
2  58.1340      6201.9968
2  58.1890      6207.188
2  58.2380      6212.377
2  58.2860      6217.5691
2  58.3340      6222.7646
2  58.3860      6227.9635
2  58.4390      6233.1654
2  58.4890      6238.3706
2  58.5350      6243.5788
2  58.5860      6248.7903
2  58.6360      6254.005
2  58.6900      6259.2231
2  58.7380      6264.4435
2  58.7890      6269.6676
2  58.8350      6274.8945
2  58.8830      6280.1249
2  58.9370      6285.358
2  58.9870      6290.5943
2  59.0360      6295.8333
2  59.0830      6301.0757
2  59.1430      6306.3204
2  59.1910      6311.5689
2  59.2380      6316.8196
2  59.2830      6322.0736
2  59.3390      6327.3299
2  59.3860      6332.5898
2  59.4360      6337.8518
2  59.4800      6343.1175
2  59.5340      6348.3853
2  59.5810      6353.6563
2  59.6290      6358.9293
2  59.6810      6364.2059
2  59.7270      6369.4848
2  59.7740      6374.7669
2  59.8220      6380.0509
2  59.8760      6385.338
2  59.9220      6390.6277
2  59.9680      6395.9201
2  60.0230      6401.2151
2  60.0710      6406.5127
2  60.1210      6411.8125
2  60.1950      6419.7674
2  60.2200      6422.4204
2  60.2740      6427.7282
2  60.3230      6433.0384
2  60.3750      6438.3511
2  60.4260      6443.6662
2  60.4830      6448.9837
2  60.5330      6454.3036
2  65.0000      6926.9869
2  77.0690      8200.9869
2  89.7450      9538.9869




# Grating R400 in position C
# corrected using the offset measured by Isobel Hook on July 13 2001
# (for grating R400 in position C, 65 degrees corresponds to 6939steps)
# ( added 53 steps (6939-6886) to all motor step values)
#
# 2003 Nov 12
# Added fine tilt-vs-step calibration between wavelengths 450 and 1100
# based on daytime CuAr data - Kathy
# 
# 2004 Mar 07
# 0-order calibration - Kathy
#
# 2014 Apr 29
# LUT off by 400 ang reported by user, ZPC off by 662 pixels for an
# undetermined reason.  LUT edited by 55.2 motorsteps - Kathy
# Removed drift Dec12 2014 -Sunny
#  
# Cell  Tilt    Steps

3  0.0000      85.4320
3  7.7600      906.954
3  26.016      2833.954
3  40.226      4333.954
3  51.048      5472.964
3  51.246      5493.554
3  51.442      5514.134
3  51.634      5534.714
3  51.827      5555.304
3  52.022      5575.884
3  52.219      5596.364
3  52.349      5610.084
3  52.546      5630.564
3  52.738      5651.144
3  52.933      5671.624
3  53.122      5692.104
3  53.312      5712.474
3  53.504      5732.954
3  53.699      5753.224
3  53.895      5773.804
3  54.090      5794.174
3  54.283      5814.544
3  54.475      5834.914
3  54.666      5855.284
3  54.856      5875.664
3  55.045      5895.924
3  55.235      5916.304
3  55.427      5936.564
3  55.621      5956.964
3  55.813      5977.204
3  56.007      5997.474
3  56.200      6017.734
3  56.394      6038.004
3  56.584      6058.164
3  56.771      6078.434
3  56.958      6098.704
3  57.149      6118.864
3  57.341      6139.124
3  57.535      6159.284
3  57.725      6179.444
3  57.917      6199.614
3  58.110      6219.774
3  58.303      6239.934
3  58.494      6260.094
3  58.680      6280.254
3  58.868      6300.414
3  59.058      6320.574
3  59.249      6340.634
3  59.439      6360.794
3  65.000      6948.954
3  77.074      8223.454
3  89.741      9560.454


# Grating R400 in position D:
# Stolen from the R600 short calibration linear aux for position 4
# ZPC correction 20 Dec. '10 --k.roth, b.walp
# ZPC update 14 Nov. 2013 -s. Stewart
# fix of GMOS grating shift 20171129 -Sunny
# re-fixing grating shift 20180226 -Sunny
# re-centering 20191024 -Sunny
# re-centering 20211123 - Sunny

# Cell  Tilt    Steps


4  0.0000      144.285
4  7.7550      962.484
4  26.0250      2891.984
4  40.2310      4390.484
4  51.9280      5617.1818
4  51.9860      5622.6624
4  52.0430      5628.1419
4  52.0910      5633.6201
4  52.1480      5639.0975
4  52.1990      5644.5734
4  52.2570      5650.0484
4  52.3050      5655.5226
4  52.3620      5660.9952
4  52.4120      5666.4666
4  52.4700      5671.9372
4  52.5180      5677.4066
4  52.5720      5682.8748
4  52.6230      5688.3426
4  52.6750      5693.8084
4  52.7190      5699.2738
4  52.7710      5704.7371
4  52.8270      5710.2005
4  52.8750      5715.6619
4  52.9300      5721.1232
4  52.9790      5726.5823
4  53.0330      5732.0412
4  53.0800      5737.4978
4  53.1350      5742.9543
4  53.1850      5748.4093
4  53.2400      5753.8638
4  53.2910      5759.3163
4  53.3380      5764.7688
4  53.3870      5770.2198
4  53.4380      5775.6699
4  53.4910      5781.1188
4  53.5390      5786.5673
4  53.5950      5792.0142
4  53.6460      5797.4603
4  53.7000      5802.9051
4  53.7520      5808.3492
4  53.7990      5813.7925
4  53.8530      5819.2346
4  53.9030      5824.6758
4  53.9580      5830.1163
4  54.0090      5835.5556
4  54.0630      5840.9936
4  54.1120      5846.4313
4  54.1690      5851.8677
4  54.2150      5857.3033
4  54.2660      5862.7378
4  54.3230      5868.1718
4  54.3740      5873.6042
4  54.4270      5879.0362
4  54.4790      5884.4666
4  54.5300      5889.8971
4  54.5780      5895.3259
4  54.6230      5900.7547
4  54.6790      5906.1815
4  54.7310      5911.6082
4  54.7840      5917.0334
4  54.8330      5922.4586
4  54.8870      5927.8818
4  54.9380      5933.305
4  54.9820      5938.7269
4  55.0360      5944.1481
4  55.0860      5949.5685
4  55.1420      5954.988
4  55.1930      5960.4064
4  55.2430      5965.8243
4  55.2890      5971.2415
4  55.3390      5976.6578
4  55.3930      5982.0729
4  55.4400      5987.4873
4  55.4980      5992.9012
4  55.5480      5998.3139
4  55.5930      6003.7258
4  55.6500      6009.1373
4  55.7010      6014.5476
4  55.7520      6019.9571
4  55.8020      6025.3663
4  55.8500      6030.7741
4  55.9070      6036.1816
4  55.9560      6041.5879
4  56.0110      6046.9942
4  56.0620      6052.3989
4  56.1160      6057.8032
4  56.1650      6063.2067
4  56.2160      6068.6097
4  56.2720      6074.0112
4  56.3200      6079.4131
4  56.3770      6084.8129
4  56.4210      6090.2132
4  56.4700      6095.6118
4  56.5220      6101.0105
4  56.5750      6106.4079
4  56.6300      6111.805
4  56.6750      6117.2008
4  56.7250      6122.5966
4  56.7790      6127.9913
4  56.8280      6133.3855
4  56.8750      6138.7785
4  56.9270      6144.1715
4  56.9760      6149.5633
4  57.0340      6154.9552
4  57.0860      6160.3454
4  57.1280      6165.7356
4  57.1800      6171.1246
4  57.2290      6176.5136
4  57.2850      6181.9014
4  57.3330      6187.2888
4  57.3810      6192.6753
4  57.4370      6198.0615
4  57.4860      6203.4469
4  57.5430      6208.8319
4  57.5910      6214.2161
4  57.6370      6219.5999
4  57.6940      6224.9824
4  57.7430      6230.365
4  57.7920      6235.7468
4  57.8480      6241.1277
4  57.8970      6246.5083
4  57.9530      6251.888
4  58.0000      6257.2674
4  58.0510      6262.6463
4  58.1080      6268.0245
4  58.1580      6273.4018
4  58.2040      6278.7788
4  58.2600      6284.1553
4  58.3060      6289.531
4  58.3620      6294.9064
4  58.4040      6300.2813
4  58.4560      6305.6554
4  58.5130      6311.0291
4  58.5620      6316.4021
4  58.6090      6321.7746
4  58.6640      6327.1467
4  58.7120      6332.5184
4  58.7660      6337.8889
4  58.8120      6343.2594
4  58.8600      6348.6291
4  58.9160      6353.9988
4  58.9670      6359.3677
4  59.0150      6364.7362
4  59.0640      6370.1039
4  59.1100      6375.4716
4  59.1700      6380.8381
4  59.2160      6386.205
4  59.2750      6391.5707
4  59.3220      6396.9364
4  59.3700      6402.3008
4  59.4170      6407.6657
4  59.4730      6413.0294
4  59.5230      6418.3935
4  59.5660      6423.7563
4  59.6250      6429.1192
4  59.6740      6434.4809
4  59.7310      6439.8429
4  59.7760      6445.2042
4  59.8270      6450.5655
4  59.8840      6455.9255
4  59.9320      6461.2856
4  59.9800      6466.6452
4  60.0400      6472.0045
4  60.0850      6477.3633
4  60.1460      6482.7218
4  60.1870      6488.0794
4  60.2600      6496.1157
4  60.2830      6498.7943
4  60.3420      6504.1511
4  60.3860      6509.5076
4  60.4910      6514.8636
4  60.5440      6525.5745
4  60.5900      6530.9293
4  65.0000      6999.384
4  77.0690      8273.384
4  89.7450      9611.384
