aux_grating
# NOTE: These figures are based on Marc's orientation A measurement
#
# Grating B480:
#
# Values for B600 in position 2 are
# copied over from B600 as a starting point.
#
# Dec 9, 2022; centered wrt the ZPC, unable to run full sequence at this time
# Cell  Tilt    Steps


2  0.0000      20.7707
2  7.7550      838.9707
2  26.0250      2768.4707
2  48.3490      5142.7009
2  48.4120      5149.3401
2  48.4790      5155.9763
2  48.5400      5162.6098
2  48.7350      5182.4977
2  48.7920      5189.1222
2  48.9270      5202.2353
2  48.9770      5208.7804
2  49.0530      5215.37
2  49.1670      5228.6858
2  49.2330      5235.4123
2  49.3010      5242.1903
2  49.4230      5256.0813
2  49.4840      5262.4694
2  49.5500      5269.3439
2  49.6730      5282.3898
2  49.7340      5289.1506
2  49.7990      5296.1001
2  49.8590      5302.7173
2  49.9280      5309.4962
2  49.9840      5315.8224
2  50.0500      5322.4201
2  50.1150      5328.9535
2  50.1760      5335.7802
2  50.2360      5342.1616
2  50.2980      5348.7908
2  50.3600      5355.3358
2  50.4270      5361.9698
2  50.4870      5368.6205
2  50.5540      5375.6075
2  50.6150      5382.1094
2  50.6770      5388.4625
2  50.7400      5395.082
2  50.8010      5401.7765
2  50.8680      5408.5499
2  50.9300      5414.8745
2  50.9900      5421.4009
2  51.0490      5427.8405
2  51.1150      5434.375
2  51.1770      5441.2792
2  51.2410      5448.1283
2  51.3060      5454.866
2  51.3660      5461.5487
2  51.4290      5468.2243
2  51.4880      5474.5358
2  51.5510      5481.3348
2  51.6160      5488.1227
2  51.6760      5494.6375
2  51.7370      5501.3462
2  51.8010      5507.6585
2  51.8620      5514.3456
2  51.9280      5521.0591
2  51.9920      5527.495
2  52.0490      5533.7964
2  52.1130      5540.7755
2  52.1750      5547.0171
2  52.2380      5553.4653
2  52.3040      5560.4043
2  52.3600      5566.7784
2  52.4230      5573.3279
2  52.4880      5580.15
2  52.5460      5586.2876
2  52.6120      5593.1754
2  52.6740      5599.5261
2  52.7370      5605.9933
2  52.7980      5612.553
2  52.8600      5619.3483
2  52.9220      5625.36
2  52.9840      5632.0097
2  53.0440      5638.7739
2  53.1110      5645.4858
2  53.1720      5651.8814
2  53.2350      5658.8726
2  53.2940      5665.0368
2  53.3540      5671.592
2  53.4190      5678.4593
2  53.4810      5685.1216
2  53.5410      5691.7834
2  53.6030      5698.031
2  53.6690      5705.0071
2  53.7270      5711.185
2  53.7920      5718.1656
2  53.8540      5724.4261
2  53.9130      5730.3688
2  53.9740      5737.1767
2  54.0400      5743.9391
2  54.0970      5750.2386
2  54.1580      5756.7871
2  54.2210      5763.246
2  54.2860      5769.8968
2  54.3430      5776.2374
2  54.4040      5782.7551
2  54.4670      5789.1707
2  55.1500      5861.5347
2  55.2120      5868.013
2  55.2680      5874.1404
2  55.4560      5894.0988
2  55.5160      5900.6613
2  55.5800      5906.9832
2  55.6410      5913.362
2  55.7020      5920.1885
2  55.7610      5926.3432
2  55.8230      5932.7302
2  55.8880      5939.723
2  55.9490      5945.9144
2  56.0070      5952.3184
2  56.1350      5965.4128
2  56.1960      5971.9515
2  56.2570      5978.3944
2  56.3140      5984.8446
2  56.3760      5991.1697
2  56.4390      5997.504
2  56.4960      6003.7184
2  56.5620      6010.4137
2  56.6240      6017.0202
2  56.6860      6023.6426
2  56.7430      6029.8217
2  56.8050      6036.3488
2  56.8710      6042.966
2  56.9300      6049.6608
2  56.9940      6056.4415
2  57.0510      6062.8535
2  57.1130      6069.3218
2  57.1730      6075.6822
2  57.2360      6082.2617
2  57.2950      6088.7585
2  57.3570      6095.3316
2  57.4220      6101.955
2  57.4810      6108.3023
2  57.5420      6114.4405
2  57.6030      6121.2162
2  57.6670      6127.4141
2  57.7240      6133.7052
2  57.7880      6140.4883
2  57.8500      6147.0616
2  57.9080      6152.9867
2  57.9690      6159.6568
2  58.0310      6166.2945
2  58.0920      6172.5635
2  58.1530      6179.2935
2  58.2150      6185.8217
2  58.2770      6192.0762
2  58.3390      6198.4535
2  58.3970      6204.8124
2  58.4590      6211.1774
2  58.5190      6217.627
2  58.5820      6224.0988
2  58.6430      6230.5325
2  58.7060      6236.9741
2  58.7660      6243.4364
2  58.8260      6249.9919
2  58.8910      6256.9443
2  58.9480      6263.1719
2  59.0090      6269.404
2  59.0700      6276.1023
2  59.1310      6282.4822
2  59.1920      6288.9151
2  59.2860      6298.8862
2  59.3140      6301.9457
2  59.3760      6308.441
2  59.4940      6321.1158
2  59.5570      6327.6505
2  59.6200      6334.0013
2  59.6760      6340.3424
2  65.0000      6881.4707
2  77.0690      8155.4707
2  89.7450      9493.4707

# Work do commision new LUT -GMOS team 20220913
# re-centering lut 20231005
## Cell  Tilt    Steps



3  0.00000      19.8593
3  7.75500      838.0593
3  26.0250      2767.5593
3  48.3490      5118.7009
3  48.4120      5125.3401
3  48.4790      5131.9763
3  48.5400      5138.6098
3  48.7350      5158.4977
3  48.7920      5165.1222
3  48.9270      5178.2353
3  48.9770      5184.7804
3  49.0530      5191.37
3  49.1670      5204.6858
3  49.2330      5211.4123
3  49.3010      5218.1903
3  49.4230      5232.0813
3  49.4840      5238.4694
3  49.5500      5245.3439
3  49.6730      5258.3898
3  49.7340      5265.1506
3  49.7990      5272.1001
3  49.8590      5278.7173
3  49.9280      5285.4962
3  49.9840      5291.8224
3  50.0500      5298.4201
3  50.1150      5304.9535
3  50.1760      5311.7802
3  50.2360      5318.1616
3  50.2980      5324.7908
3  50.3600      5331.3358
3  50.4270      5337.9698
3  50.4870      5344.6205
3  50.5540      5351.6075
3  50.6150      5358.1094
3  50.6770      5364.4625
3  50.7400      5371.082
3  50.8010      5377.7765
3  50.8680      5384.5499
3  50.9300      5390.8745
3  50.9900      5397.4009
3  51.0490      5403.8405
3  51.1150      5410.375
3  51.1770      5417.2792
3  51.2410      5424.1283
3  51.3060      5430.866
3  51.3660      5437.5487
3  51.4290      5444.2243
3  51.4880      5450.5358
3  51.5510      5457.3348
3  51.6160      5464.1227
3  51.6760      5470.6375
3  51.7370      5477.3462
3  51.8010      5483.6585
3  51.8620      5490.3456
3  51.9280      5497.0591
3  51.9920      5503.495
3  52.0490      5509.7964
3  52.1130      5516.7755
3  52.1750      5523.0171
3  52.2380      5529.4653
3  52.3040      5536.4043
3  52.3600      5542.7784
3  52.4230      5549.3279
3  52.4880      5556.15
3  52.5460      5562.2876
3  52.6120      5569.1754
3  52.6740      5575.5261
3  52.7370      5581.9933
3  52.7980      5588.553
3  52.8600      5595.3483
3  52.9220      5601.36
3  52.9840      5608.0097
3  53.0440      5614.7739
3  53.1110      5621.4858
3  53.1720      5627.8814
3  53.2350      5634.8726
3  53.2940      5641.0368
3  53.3540      5647.592
3  53.4190      5654.4593
3  53.4810      5661.1216
3  53.5410      5667.7834
3  53.6030      5674.031
3  53.6690      5681.0071
3  53.7270      5687.185
3  53.7920      5694.1656
3  53.8540      5700.4261
3  53.9130      5706.3688
3  53.9740      5713.1767
3  54.0400      5719.9391
3  54.0970      5726.2386
3  54.1580      5732.7871
3  54.2210      5739.246
3  54.2860      5745.8968
3  54.3430      5752.2374
3  54.4040      5758.7551
3  54.4670      5765.1707
3  55.1500      5837.5347
3  55.2120      5844.013
3  55.2680      5850.1404
3  55.4560      5870.0988
3  55.5160      5876.6613
3  55.5800      5882.9832
3  55.6410      5889.362
3  55.7020      5896.1885
3  55.7610      5902.3432
3  55.8230      5908.7302
3  55.8880      5915.723
3  55.9490      5921.9144
3  56.0070      5928.3184
3  56.1350      5941.4128
3  56.1960      5947.9515
3  56.2570      5954.3944
3  56.3140      5960.8446
3  56.3760      5967.1697
3  56.4390      5973.504
3  56.4960      5979.7184
3  56.5620      5986.4137
3  56.6240      5993.0202
3  56.6860      5999.6426
3  56.7430      6005.8217
3  56.8050      6012.3488
3  56.8710      6018.966
3  56.9300      6025.6608
3  56.9940      6032.4415
3  57.0510      6038.8535
3  57.1130      6045.3218
3  57.1730      6051.6822
3  57.2360      6058.2617
3  57.2950      6064.7585
3  57.3570      6071.3316
3  57.4220      6077.955
3  57.4810      6084.3023
3  57.5420      6090.4405
3  57.6030      6097.2162
3  57.6670      6103.4141
3  57.7240      6109.7052
3  57.7880      6116.4883
3  57.8500      6123.0616
3  57.9080      6128.9867
3  57.9690      6135.6568
3  58.0310      6142.2945
3  58.0920      6148.5635
3  58.1530      6155.2935
3  58.2150      6161.8217
3  58.2770      6168.0762
3  58.3390      6174.4535
3  58.3970      6180.8124
3  58.4590      6187.1774
3  58.5190      6193.627
3  58.5820      6200.0988
3  58.6430      6206.5325
3  58.7060      6212.9741
3  58.7660      6219.4364
3  58.8260      6225.9919
3  58.8910      6232.9443
3  58.9480      6239.1719
3  59.0090      6245.404
3  59.0700      6252.1023
3  59.1310      6258.4822
3  59.1920      6264.9151
3  59.2860      6274.8862
3  59.3140      6277.9457
3  59.3760      6284.441
3  59.4940      6297.1158
3  59.5570      6303.6505
3  59.6200      6310.0013
3  59.6760      6316.3424
3  65.0000      6880.5593
3  77.0690      8154.5593
3  89.7450      9492.5593










#
# LUT shfted to fix slot-D jump, SS Jan.10,2017
# LUT adjusted for GMOS limit switch fix -Sunny
# LUT centered in zero order image 2023.05.31 -Sunny


4  0.0000      84.6156
4  7.7550      902.8146
4  26.0250      2832.3146
4  40.2310      4330.8146
4  48.1760      5167.8855
4  48.2920      5180.5897
4  48.3560      5187.1996
4  48.4840      5200.4424
4  48.5430      5206.6542
4  48.6190      5214.6233
4  48.6710      5220.0591
4  48.8100      5234.4689
4  48.8710      5240.8773
4  48.9260      5247.1574
4  48.9910      5254.2535
4  49.1850      5274.6165
4  49.2460      5281.2249
4  49.3750      5294.9403
4  49.4360      5301.6737
4  49.6290      5321.7511
4  49.6850      5328.0004
4  49.7460      5334.327
4  49.8750      5348.0203
4  49.9380      5354.7307
4  50.0040      5361.2987
4  50.0630      5367.533
4  50.1300      5374.4637
4  50.1880      5380.993
4  50.2510      5387.6643
4  50.3130      5394.0844
4  50.3760      5400.6825
4  50.4430      5407.5278
4  50.5050      5413.8434
4  50.5630      5420.2298
4  50.6290      5427.042
4  50.6980      5433.8023
4  50.7540      5440.0164
4  50.8190      5446.9773
4  50.8790      5453.6492
4  50.9370      5460.1255
4  51.0070      5467.0717
4  51.0680      5473.6857
4  51.1330      5480.3707
4  51.1940      5487.0901
4  51.2540      5493.6092
4  51.3210      5500.3962
4  51.3790      5507.1939
4  51.4430      5513.37
4  51.5080      5520.1824
4  51.5640      5526.5027
4  51.6190      5532.7698
4  51.6870      5539.6551
4  51.7540      5546.4149
4  51.8110      5552.6765
4  51.8740      5559.0506
4  51.9350      5565.5968
4  52.0030      5572.6357
4  52.0610      5579.0873
4  52.1240      5585.6165
4  52.1860      5592.1896
4  52.2480      5598.6682
4  52.3120      5605.0293
4  52.3740      5611.4112
4  52.4350      5618.1001
4  52.5030      5624.8757
4  52.5600      5630.9043
4  52.6210      5637.5852
4  52.6890      5644.5359
4  52.7440      5650.7352
4  52.8020      5657.2382
4  52.8690      5664.1195
4  52.9330      5670.6078
4  52.9970      5677.3677
4  53.0590      5683.9112
4  53.1200      5690.5754
4  53.1850      5697.4238
4  53.2390      5703.6656
4  53.3020      5710.2133
4  53.3710      5716.8108
4  53.4310      5723.4542
4  53.4840      5729.7005
4  53.5460      5735.9542
4  53.6120      5742.8339
4  53.6700      5749.1624
4  53.7380      5755.9839
4  53.7990      5762.5936
4  53.8610      5768.914
4  53.9190      5775.2446
4  53.9830      5782.1038
4  54.0470      5788.6723
4  54.1080      5794.9501
4  54.1700      5801.3288
4  54.2290      5807.778
4  54.2910      5814.2837
4  54.3580      5820.8342
4  54.4200      5827.4155
4  54.4840      5834.0151
4  54.5440      5840.6206
4  54.6040      5847.2171
4  54.6690      5853.7937
4  54.7270      5860.3359
4  54.7920      5866.8312
4  54.8480      5873.2664
4  54.9140      5879.9942
4  54.9750      5886.5447
4  55.0350      5893.0382
4  55.0960      5899.6032
4  55.1600      5906.3003
4  55.2190      5912.3718
4  55.2830      5918.8172
4  55.3410      5925.6916
4  55.5220      5945.0574
4  55.5860      5951.3011
4  55.6490      5958.0671
4  55.7100      5964.3742
4  55.7680      5970.6215
4  55.8280      5977.2025
4  55.8890      5983.6896
4  55.9560      5990.6046
4  56.0180      5996.8407
4  56.0760      6003.0317
4  56.1400      6009.6864
4  56.2010      6015.907
4  56.2640      6022.4469
4  56.3260      6029.0004
4  56.3880      6035.6419
4  56.4500      6042.0644
4  56.5050      6048.2127
4  56.5680      6055.1534
4  56.6280      6061.6439
4  56.6980      6068.5128
4  56.7570      6074.9012
4  57.2400      6126.7642
4  57.2950      6132.6844
4  57.3630      6139.4236
4  57.4240      6145.9029
4  57.4870      6152.3859
4  57.5440      6158.6528
4  57.6110      6165.3429
4  57.6730      6171.8719
4  57.7280      6178.1733
4  57.7950      6184.9134
4  57.8570      6191.3347
4  57.9150      6197.4974
4  57.9780      6203.7878
4  58.0400      6210.4675
4  58.0970      6216.7446
4  58.1640      6223.2989
4  58.2220      6229.5736
4  58.2830      6236.0094
4  58.3410      6242.2525
4  58.4060      6248.8294
4  58.4650      6255.4955
4  58.5260      6262.0231
4  58.5900      6268.6751
4  58.6500      6274.9205
4  58.7120      6281.6163
4  58.7720      6287.9954
4  58.8320      6294.429
4  58.9190      6304.136
4  58.9530      6307.4632
4  59.0170      6313.8497
4  59.0810      6320.4114
4  59.1370      6326.9378
4  59.1920      6333.2416
4  59.2560      6339.3981
4  59.3240      6346.3065
4  65.0000      6942.2946
4  77.0690      8216.2946
4  89.7450      9554.2946
