aux_grating
# New grating R400 (G5310) in position B:
# Created draft table using copy from old R400 (G5305) - jscharwaechter, 20250218

# Cell  Tilt    Steps


2  0.00000      96.1544
2  7.75500      914.3544
2  26.0250      2843.8544
2  40.2310      4341.8544
2  51.5200      5531.0513
2  51.5710      5536.7043
2  51.6260      5542.3544
2  51.6720      5548.0008
2  51.7850      5559.2839
2  51.8340      5564.9206
2  52.1800      5601.5435
2  52.2870      5613.2322
2  52.3350      5618.8028
2  52.3880      5624.2143
2  52.4400      5629.5268
2  52.4870      5634.7998
2  52.5420      5640.0931
2  52.5900      5645.4874
2  52.6390      5650.9381
2  52.6950      5656.3552
2  52.7470      5661.6626
2  52.7950      5666.9701
2  52.8490      5672.5237
2  52.9090      5678.0192
2  52.9570      5683.4625
2  53.0050      5688.7931
2  53.0620      5694.0819
2  53.1090      5699.3661
2  53.1570      5704.6789
2  53.2130      5710.0566
2  53.2650      5715.525
2  53.3180      5721.1608
2  53.3770      5727.142
2  53.4240      5732.1078
2  53.4750      5737.3078
2  53.5250      5742.6177
2  53.5720      5747.9846
2  53.6220      5753.2958
2  53.6820      5759.0495
2  53.7300      5764.8174
2  53.7760      5769.4848
2  53.8350      5775.8273
2  53.8840      5781.1231
2  53.9320      5786.7912
2  53.9860      5792.6277
2  54.0350      5797.9443
2  54.0910      5803.5797
2  54.1410      5809.3075
2  54.1910      5814.6203
2  54.2460      5820.4706
2  54.2980      5826.0748
2  54.3480      5831.3693
2  54.3960      5836.5259
2  54.4460      5841.9056
2  54.5010      5847.4716
2  54.5500      5852.6999
2  54.6080      5858.0064
2  54.6560      5863.3394
2  54.7040      5868.6981
2  54.7630      5874.0733
2  54.8110      5879.4321
2  54.8570      5884.797
2  54.9180      5890.1701
2  54.9660      5895.5502
2  55.0120      5900.9378
2  55.0660      5906.333
2  55.1190      5911.7357
2  55.1720      5917.1458
2  55.2240      5922.5639
2  55.2740      5927.9899
2  55.3300      5933.4237
2  55.3800      5938.865
2  55.4320      5944.3142
2  55.4830      5949.7719
2  55.5360      5955.2373
2  55.5840      5960.7229
2  55.6390      5966.2719
2  55.6890      5971.7812
2  55.7400      5977.2424
2  55.7840      5982.6095
2  55.8410      5988.1183
2  55.8890      5993.713
2  55.9330      5998.9726
2  55.9880      6004.6238
2  56.0430      6010.2606
2  56.0940      6015.5887
2  56.1450      6021.471
2  56.1980      6027.2983
2  56.2480      6032.4266
2  56.2970      6037.4017
2  56.3450      6042.5985
2  56.3980      6047.8133
2  56.4490      6053.0643
2  56.4980      6058.3504
2  56.5530      6063.6675
2  56.6050      6069.0139
2  56.6530      6074.3858
2  56.7060      6079.7817
2  56.7570      6085.1977
2  56.8090      6090.6317
2  56.8640      6096.0803
2  56.9140      6101.5419
2  56.9670      6107.0124
2  57.0140      6112.4905
2  57.0690      6117.9717
2  57.1220      6123.4548
2  57.1700      6128.936
2  57.2270      6134.4137
2  57.2840      6139.8839
2  57.3350      6145.3447
2  57.3790      6150.793
2  57.4390      6156.2264
2  57.4870      6161.6418
2  57.5400      6167.0369
2  57.5870      6172.4086
2  57.6330      6177.7544
2  57.6870      6183.071
2  57.7340      6188.3567
2  57.7830      6193.608
2  57.8270      6198.8014
2  57.8820      6204.0176
2  57.9260      6209.3492
2  57.9820      6215.0684
2  58.0380      6221.2341
2  58.0840      6226.7488
2  58.1340      6231.8643
2  58.1890      6237.0555
2  58.2380      6242.2445
2  58.2860      6247.4366
2  58.3340      6252.6321
2  58.3860      6257.831
2  58.4390      6263.0329
2  58.4890      6268.2381
2  58.5350      6273.4463
2  58.5860      6278.6578
2  58.6360      6283.8725
2  58.6900      6289.0906
2  58.7380      6294.311
2  58.7890      6299.5351
2  58.8350      6304.762
2  58.8830      6309.9924
2  58.9370      6315.2255
2  58.9870      6320.4618
2  59.0360      6325.7008
2  59.0830      6330.9432
2  59.1430      6336.1879
2  59.1910      6341.4364
2  59.2380      6346.6871
2  59.2830      6351.9411
2  59.3390      6357.1974
2  59.3860      6362.4573
2  59.4360      6367.7193
2  59.4800      6372.985
2  59.5340      6378.2528
2  59.5810      6383.5238
2  59.6290      6388.7968
2  59.6810      6394.0734
2  59.7270      6399.3523
2  59.7740      6404.6344
2  59.8220      6409.9184
2  59.8760      6415.2055
2  59.9220      6420.4952
2  59.9680      6425.7876
2  60.0230      6431.0826
2  60.0710      6436.3802
2  60.1210      6441.68
2  60.1950      6449.6349
2  60.2200      6452.2879
2  60.2740      6457.5957
2  60.3230      6462.9059
2  60.3750      6468.2186
2  60.4260      6473.5337
2  60.4830      6478.8512
2  60.5330      6484.1711
2  65.0000      6956.8544
2  77.0690      8230.8544
2  89.7450      9568.8544



# New grating R400 (G5310) in position C
# Created draft table using copy of old R400 (G5305) - jscharwaechter, 20250218
#  
# Cell  Tilt    Steps


3  0.00000      112.6783
3  7.76000      934.2003
3  26.0160      2861.2003
3  40.2260      4361.2003
3  51.1280      5509.1182
3  51.2280      5519.9704
3  51.3130      5530.8588
3  51.6880      5569.6836
3  51.7960      5580.7585
3  51.8410      5586.2711
3  51.8940      5591.7653
3  51.9460      5597.2398
3  52.0510      5608.0911
3  52.0980      5613.4765
3  52.1510      5618.8658
3  52.2050      5624.2796
3  52.2560      5629.7528
3  52.3550      5640.6482
3  52.4090      5646.0264
3  52.4600      5651.4024
3  52.5130      5656.7974
3  52.5660      5662.3073
3  52.6160      5667.8609
3  52.6680      5673.422
3  52.7160      5678.9594
3  52.7700      5684.3896
3  52.8210      5689.8102
3  52.8720      5695.2438
3  52.9230      5700.7376
3  52.9760      5706.3272
3  53.0270      5711.9374
3  53.0780      5717.5539
3  53.1290      5723.1298
3  53.1850      5728.6769
3  53.2360      5734.2097
3  53.2920      5739.7326
3  53.3470      5745.2681
3  53.3990      5750.7873
3  53.4510      5756.2817
3  53.5020      5761.7298
3  53.5500      5767.1075
3  53.6040      5772.4643
3  53.6560      5777.8137
3  53.7030      5783.1926
3  53.7560      5788.605
3  53.8080      5794.0218
3  53.8600      5799.4379
3  53.9120      5804.8288
3  53.9610      5810.2071
3  54.0130      5815.5869
3  54.0660      5820.9749
3  54.1190      5826.3919
3  54.1710      5831.8226
3  54.2240      5837.2631
3  54.2700      5842.7117
3  54.3240      5848.1626
3  54.3760      5853.6207
3  54.4270      5859.0848
3  54.4810      5864.5564
3  54.5310      5870.0338
3  54.5810      5875.5193
3  54.6320      5881.011
3  54.6850      5886.5155
3  54.7360      5892.0269
3  54.7880      5897.5423
3  54.8400      5903.057
3  54.8920      5908.5645
3  54.9430      5914.0704
3  54.9950      5919.5755
3  55.0460      5925.0861
3  55.1000      5930.6049
3  55.1520      5936.1144
3  55.2040      5941.6086
3  55.2580      5947.0634
3  55.3110      5952.487
3  55.3620      5957.8936
3  55.4140      5963.2889
3  55.4620      5968.6838
3  55.5160      5974.0752
3  55.5680      5979.4651
3  55.6200      5984.858
3  55.6720      5990.2657
3  55.7200      5995.6713
3  55.7710      6001.0709
3  55.8250      6006.4511
3  55.8770      6011.8065
3  55.9250      6017.155
3  55.9780      6022.503
3  56.0300      6027.8656
3  56.0830      6033.2407
3  56.1290      6038.6162
3  56.1820      6043.9887
3  56.2350      6049.3331
3  56.2810      6054.6725
3  56.3330      6060.0171
3  56.3870      6065.3772
3  56.4370      6070.7687
3  56.4830      6076.1851
3  56.5340      6081.6276
3  56.5860      6087.1076
3  56.6380      6092.6323
3  56.6890      6098.1773
3  56.7450      6103.7327
3  56.7960      6109.2935
3  56.8480      6114.8478
3  56.9000      6120.3845
3  56.9520      6125.8917
3  57.0060      6131.3155
3  57.0520      6136.7079
3  57.1040      6142.0817
3  57.1590      6147.4552
3  57.2110      6152.8541
3  57.2620      6158.2445
3  57.3090      6163.6214
3  57.3610      6168.9567
3  57.4150      6174.2535
3  57.4620      6179.5479
3  57.5140      6184.854
3  57.5620      6190.2244
3  57.6140      6195.6345
3  57.6650      6201.053
3  57.7200      6206.4695
3  57.7710      6211.8434
3  57.8190      6217.2025
3  57.8730      6222.5501
3  57.9250      6227.8874
3  57.9720      6233.2157
3  58.0240      6238.5381
3  58.0760      6243.8563
3  58.1240      6249.1707
3  58.1760      6254.4839
3  58.2280      6259.8021
3  58.2760      6265.129
3  58.3260      6270.4651
3  58.3770      6275.8173
3  58.4220      6281.1941
3  58.4760      6286.6023
3  58.5260      6292.0876
3  58.5790      6297.6048
3  58.6290      6303.1325
3  58.6810      6308.6486
3  58.7330      6314.1222
3  58.7850      6319.58
3  58.8350      6325.0214
3  58.8900      6330.4471
3  58.9420      6335.8565
3  58.9930      6341.2505
3  59.0430      6346.6287
3  59.0960      6351.979
3  59.1480      6357.3155
3  59.1940      6362.6516
3  59.2460      6367.9939
3  59.3010      6373.3685
3  59.3520      6378.756
3  59.3990      6384.1578
3  59.4520      6389.5639
3  59.5040      6394.9547
3  59.5550      6400.3439
3  59.6090      6405.7327
3  59.6580      6411.12
3  59.7100      6416.5072
3  59.7630      6421.8933
3  59.8170      6427.2791
3  59.8640      6432.6632
3  59.9170      6438.047
3  59.9640      6443.4301
3  60.0200      6448.8123
3  60.0650      6454.1938
3  60.1200      6459.5746
3  60.1720      6464.9542
3  60.2460      6473.0227
3  60.2600      6475.7119
3  60.3170      6481.0897
3  60.3700      6486.4667
3  60.4250      6491.8429
3  60.4690      6497.2184
3  60.5170      6502.5932
3  65.0000      6976.2003
3  77.0740      8250.7003
3  89.7410      9587.7003


# New grating R400 (G5310) in position D:
# Created draft table using copy from old R400 (G5305) - jscharwaechter, 20250218

# Cell  Tilt    Steps


4  0.0000      144.285
4  7.7550      962.484
4  26.0250      2891.984
4  40.2310      4390.484
4  51.9280      5617.1818
4  51.9860      5622.6624
4  52.0430      5628.1419
4  52.0910      5633.6201
4  52.1480      5639.0975
4  52.1990      5644.5734
4  52.2570      5650.0484
4  52.3050      5655.5226
4  52.3620      5660.9952
4  52.4120      5666.4666
4  52.4700      5671.9372
4  52.5180      5677.4066
4  52.5720      5682.8748
4  52.6230      5688.3426
4  52.6750      5693.8084
4  52.7190      5699.2738
4  52.7710      5704.7371
4  52.8270      5710.2005
4  52.8750      5715.6619
4  52.9300      5721.1232
4  52.9790      5726.5823
4  53.0330      5732.0412
4  53.0800      5737.4978
4  53.1350      5742.9543
4  53.1850      5748.4093
4  53.2400      5753.8638
4  53.2910      5759.3163
4  53.3380      5764.7688
4  53.3870      5770.2198
4  53.4380      5775.6699
4  53.4910      5781.1188
4  53.5390      5786.5673
4  53.5950      5792.0142
4  53.6460      5797.4603
4  53.7000      5802.9051
4  53.7520      5808.3492
4  53.7990      5813.7925
4  53.8530      5819.2346
4  53.9030      5824.6758
4  53.9580      5830.1163
4  54.0090      5835.5556
4  54.0630      5840.9936
4  54.1120      5846.4313
4  54.1690      5851.8677
4  54.2150      5857.3033
4  54.2660      5862.7378
4  54.3230      5868.1718
4  54.3740      5873.6042
4  54.4270      5879.0362
4  54.4790      5884.4666
4  54.5300      5889.8971
4  54.5780      5895.3259
4  54.6230      5900.7547
4  54.6790      5906.1815
4  54.7310      5911.6082
4  54.7840      5917.0334
4  54.8330      5922.4586
4  54.8870      5927.8818
4  54.9380      5933.305
4  54.9820      5938.7269
4  55.0360      5944.1481
4  55.0860      5949.5685
4  55.1420      5954.988
4  55.1930      5960.4064
4  55.2430      5965.8243
4  55.2890      5971.2415
4  55.3390      5976.6578
4  55.3930      5982.0729
4  55.4400      5987.4873
4  55.4980      5992.9012
4  55.5480      5998.3139
4  55.5930      6003.7258
4  55.6500      6009.1373
4  55.7010      6014.5476
4  55.7520      6019.9571
4  55.8020      6025.3663
4  55.8500      6030.7741
4  55.9070      6036.1816
4  55.9560      6041.5879
4  56.0110      6046.9942
4  56.0620      6052.3989
4  56.1160      6057.8032
4  56.1650      6063.2067
4  56.2160      6068.6097
4  56.2720      6074.0112
4  56.3200      6079.4131
4  56.3770      6084.8129
4  56.4210      6090.2132
4  56.4700      6095.6118
4  56.5220      6101.0105
4  56.5750      6106.4079
4  56.6300      6111.805
4  56.6750      6117.2008
4  56.7250      6122.5966
4  56.7790      6127.9913
4  56.8280      6133.3855
4  56.8750      6138.7785
4  56.9270      6144.1715
4  56.9760      6149.5633
4  57.0340      6154.9552
4  57.0860      6160.3454
4  57.1280      6165.7356
4  57.1800      6171.1246
4  57.2290      6176.5136
4  57.2850      6181.9014
4  57.3330      6187.2888
4  57.3810      6192.6753
4  57.4370      6198.0615
4  57.4860      6203.4469
4  57.5430      6208.8319
4  57.5910      6214.2161
4  57.6370      6219.5999
4  57.6940      6224.9824
4  57.7430      6230.365
4  57.7920      6235.7468
4  57.8480      6241.1277
4  57.8970      6246.5083
4  57.9530      6251.888
4  58.0000      6257.2674
4  58.0510      6262.6463
4  58.1080      6268.0245
4  58.1580      6273.4018
4  58.2040      6278.7788
4  58.2600      6284.1553
4  58.3060      6289.531
4  58.3620      6294.9064
4  58.4040      6300.2813
4  58.4560      6305.6554
4  58.5130      6311.0291
4  58.5620      6316.4021
4  58.6090      6321.7746
4  58.6640      6327.1467
4  58.7120      6332.5184
4  58.7660      6337.8889
4  58.8120      6343.2594
4  58.8600      6348.6291
4  58.9160      6353.9988
4  58.9670      6359.3677
4  59.0150      6364.7362
4  59.0640      6370.1039
4  59.1100      6375.4716
4  59.1700      6380.8381
4  59.2160      6386.205
4  59.2750      6391.5707
4  59.3220      6396.9364
4  59.3700      6402.3008
4  59.4170      6407.6657
4  59.4730      6413.0294
4  59.5230      6418.3935
4  59.5660      6423.7563
4  59.6250      6429.1192
4  59.6740      6434.4809
4  59.7310      6439.8429
4  59.7760      6445.2042
4  59.8270      6450.5655
4  59.8840      6455.9255
4  59.9320      6461.2856
4  59.9800      6466.6452
4  60.0400      6472.0045
4  60.0850      6477.3633
4  60.1460      6482.7218
4  60.1870      6488.0794
4  60.2600      6496.1157
4  60.2830      6498.7943
4  60.3420      6504.1511
4  60.3860      6509.5076
4  60.4910      6514.8636
4  60.5440      6525.5745
4  60.5900      6530.9293
4  65.0000      6999.384
4  77.0690      8273.384
4  89.7450      9611.384
