aux_grating
# NOTE: These figures are based on Marc's orientation A measurement
#
# Grating B480:
#
# Values for B600 in position 2 are
# copied over from B600 as a starting point.
#
# Dec 9, 2022; centered wrt the ZPC, unable to run full sequence at this time
# Cell  Tilt    Steps


2  0.0000      20.7707
2  7.7550      838.9707
2  26.0250      2768.4707
2  48.3490      5142.7009
2  48.4120      5149.3401
2  48.4790      5155.9763
2  48.5400      5162.6098
2  48.7350      5182.4977
2  48.7920      5189.1222
2  48.9270      5202.2353
2  48.9770      5208.7804
2  49.0530      5215.37
2  49.1670      5228.6858
2  49.2330      5235.4123
2  49.3010      5242.1903
2  49.4230      5256.0813
2  49.4840      5262.4694
2  49.5500      5269.3439
2  49.6730      5282.3898
2  49.7340      5289.1506
2  49.7990      5296.1001
2  49.8590      5302.7173
2  49.9280      5309.4962
2  49.9840      5315.8224
2  50.0500      5322.4201
2  50.1150      5328.9535
2  50.1760      5335.7802
2  50.2360      5342.1616
2  50.2980      5348.7908
2  50.3600      5355.3358
2  50.4270      5361.9698
2  50.4870      5368.6205
2  50.5540      5375.6075
2  50.6150      5382.1094
2  50.6770      5388.4625
2  50.7400      5395.082
2  50.8010      5401.7765
2  50.8680      5408.5499
2  50.9300      5414.8745
2  50.9900      5421.4009
2  51.0490      5427.8405
2  51.1150      5434.375
2  51.1770      5441.2792
2  51.2410      5448.1283
2  51.3060      5454.866
2  51.3660      5461.5487
2  51.4290      5468.2243
2  51.4880      5474.5358
2  51.5510      5481.3348
2  51.6160      5488.1227
2  51.6760      5494.6375
2  51.7370      5501.3462
2  51.8010      5507.6585
2  51.8620      5514.3456
2  51.9280      5521.0591
2  51.9920      5527.495
2  52.0490      5533.7964
2  52.1130      5540.7755
2  52.1750      5547.0171
2  52.2380      5553.4653
2  52.3040      5560.4043
2  52.3600      5566.7784
2  52.4230      5573.3279
2  52.4880      5580.15
2  52.5460      5586.2876
2  52.6120      5593.1754
2  52.6740      5599.5261
2  52.7370      5605.9933
2  52.7980      5612.553
2  52.8600      5619.3483
2  52.9220      5625.36
2  52.9840      5632.0097
2  53.0440      5638.7739
2  53.1110      5645.4858
2  53.1720      5651.8814
2  53.2350      5658.8726
2  53.2940      5665.0368
2  53.3540      5671.592
2  53.4190      5678.4593
2  53.4810      5685.1216
2  53.5410      5691.7834
2  53.6030      5698.031
2  53.6690      5705.0071
2  53.7270      5711.185
2  53.7920      5718.1656
2  53.8540      5724.4261
2  53.9130      5730.3688
2  53.9740      5737.1767
2  54.0400      5743.9391
2  54.0970      5750.2386
2  54.1580      5756.7871
2  54.2210      5763.246
2  54.2860      5769.8968
2  54.3430      5776.2374
2  54.4040      5782.7551
2  54.4670      5789.1707
2  55.1500      5861.5347
2  55.2120      5868.013
2  55.2680      5874.1404
2  55.4560      5894.0988
2  55.5160      5900.6613
2  55.5800      5906.9832
2  55.6410      5913.362
2  55.7020      5920.1885
2  55.7610      5926.3432
2  55.8230      5932.7302
2  55.8880      5939.723
2  55.9490      5945.9144
2  56.0070      5952.3184
2  56.1350      5965.4128
2  56.1960      5971.9515
2  56.2570      5978.3944
2  56.3140      5984.8446
2  56.3760      5991.1697
2  56.4390      5997.504
2  56.4960      6003.7184
2  56.5620      6010.4137
2  56.6240      6017.0202
2  56.6860      6023.6426
2  56.7430      6029.8217
2  56.8050      6036.3488
2  56.8710      6042.966
2  56.9300      6049.6608
2  56.9940      6056.4415
2  57.0510      6062.8535
2  57.1130      6069.3218
2  57.1730      6075.6822
2  57.2360      6082.2617
2  57.2950      6088.7585
2  57.3570      6095.3316
2  57.4220      6101.955
2  57.4810      6108.3023
2  57.5420      6114.4405
2  57.6030      6121.2162
2  57.6670      6127.4141
2  57.7240      6133.7052
2  57.7880      6140.4883
2  57.8500      6147.0616
2  57.9080      6152.9867
2  57.9690      6159.6568
2  58.0310      6166.2945
2  58.0920      6172.5635
2  58.1530      6179.2935
2  58.2150      6185.8217
2  58.2770      6192.0762
2  58.3390      6198.4535
2  58.3970      6204.8124
2  58.4590      6211.1774
2  58.5190      6217.627
2  58.5820      6224.0988
2  58.6430      6230.5325
2  58.7060      6236.9741
2  58.7660      6243.4364
2  58.8260      6249.9919
2  58.8910      6256.9443
2  58.9480      6263.1719
2  59.0090      6269.404
2  59.0700      6276.1023
2  59.1310      6282.4822
2  59.1920      6288.9151
2  59.2860      6298.8862
2  59.3140      6301.9457
2  59.3760      6308.441
2  59.4940      6321.1158
2  59.5570      6327.6505
2  59.6200      6334.0013
2  59.6760      6340.3424
2  65.0000      6881.4707
2  77.0690      8155.4707
2  89.7450      9493.4707

# Work do commision new LUT -GMOS team 20220913
## Cell  Tilt    Steps


3  0.00000      43.8593
3  7.75500      862.0593
3  26.0250      2791.5593
3  48.3490      5142.7009
3  48.4120      5149.3401
3  48.4790      5155.9763
3  48.5400      5162.6098
3  48.7350      5182.4977
3  48.7920      5189.1222
3  48.9270      5202.2353
3  48.9770      5208.7804
3  49.0530      5215.37
3  49.1670      5228.6858
3  49.2330      5235.4123
3  49.3010      5242.1903
3  49.4230      5256.0813
3  49.4840      5262.4694
3  49.5500      5269.3439
3  49.6730      5282.3898
3  49.7340      5289.1506
3  49.7990      5296.1001
3  49.8590      5302.7173
3  49.9280      5309.4962
3  49.9840      5315.8224
3  50.0500      5322.4201
3  50.1150      5328.9535
3  50.1760      5335.7802
3  50.2360      5342.1616
3  50.2980      5348.7908
3  50.3600      5355.3358
3  50.4270      5361.9698
3  50.4870      5368.6205
3  50.5540      5375.6075
3  50.6150      5382.1094
3  50.6770      5388.4625
3  50.7400      5395.082
3  50.8010      5401.7765
3  50.8680      5408.5499
3  50.9300      5414.8745
3  50.9900      5421.4009
3  51.0490      5427.8405
3  51.1150      5434.375
3  51.1770      5441.2792
3  51.2410      5448.1283
3  51.3060      5454.866
3  51.3660      5461.5487
3  51.4290      5468.2243
3  51.4880      5474.5358
3  51.5510      5481.3348
3  51.6160      5488.1227
3  51.6760      5494.6375
3  51.7370      5501.3462
3  51.8010      5507.6585
3  51.8620      5514.3456
3  51.9280      5521.0591
3  51.9920      5527.495
3  52.0490      5533.7964
3  52.1130      5540.7755
3  52.1750      5547.0171
3  52.2380      5553.4653
3  52.3040      5560.4043
3  52.3600      5566.7784
3  52.4230      5573.3279
3  52.4880      5580.15
3  52.5460      5586.2876
3  52.6120      5593.1754
3  52.6740      5599.5261
3  52.7370      5605.9933
3  52.7980      5612.553
3  52.8600      5619.3483
3  52.9220      5625.36
3  52.9840      5632.0097
3  53.0440      5638.7739
3  53.1110      5645.4858
3  53.1720      5651.8814
3  53.2350      5658.8726
3  53.2940      5665.0368
3  53.3540      5671.592
3  53.4190      5678.4593
3  53.4810      5685.1216
3  53.5410      5691.7834
3  53.6030      5698.031
3  53.6690      5705.0071
3  53.7270      5711.185
3  53.7920      5718.1656
3  53.8540      5724.4261
3  53.9130      5730.3688
3  53.9740      5737.1767
3  54.0400      5743.9391
3  54.0970      5750.2386
3  54.1580      5756.7871
3  54.2210      5763.246
3  54.2860      5769.8968
3  54.3430      5776.2374
3  54.4040      5782.7551
3  54.4670      5789.1707
3  55.1500      5861.5347
3  55.2120      5868.013
3  55.2680      5874.1404
3  55.4560      5894.0988
3  55.5160      5900.6613
3  55.5800      5906.9832
3  55.6410      5913.362
3  55.7020      5920.1885
3  55.7610      5926.3432
3  55.8230      5932.7302
3  55.8880      5939.723
3  55.9490      5945.9144
3  56.0070      5952.3184
3  56.1350      5965.4128
3  56.1960      5971.9515
3  56.2570      5978.3944
3  56.3140      5984.8446
3  56.3760      5991.1697
3  56.4390      5997.504
3  56.4960      6003.7184
3  56.5620      6010.4137
3  56.6240      6017.0202
3  56.6860      6023.6426
3  56.7430      6029.8217
3  56.8050      6036.3488
3  56.8710      6042.966
3  56.9300      6049.6608
3  56.9940      6056.4415
3  57.0510      6062.8535
3  57.1130      6069.3218
3  57.1730      6075.6822
3  57.2360      6082.2617
3  57.2950      6088.7585
3  57.3570      6095.3316
3  57.4220      6101.955
3  57.4810      6108.3023
3  57.5420      6114.4405
3  57.6030      6121.2162
3  57.6670      6127.4141
3  57.7240      6133.7052
3  57.7880      6140.4883
3  57.8500      6147.0616
3  57.9080      6152.9867
3  57.9690      6159.6568
3  58.0310      6166.2945
3  58.0920      6172.5635
3  58.1530      6179.2935
3  58.2150      6185.8217
3  58.2770      6192.0762
3  58.3390      6198.4535
3  58.3970      6204.8124
3  58.4590      6211.1774
3  58.5190      6217.627
3  58.5820      6224.0988
3  58.6430      6230.5325
3  58.7060      6236.9741
3  58.7660      6243.4364
3  58.8260      6249.9919
3  58.8910      6256.9443
3  58.9480      6263.1719
3  59.0090      6269.404
3  59.0700      6276.1023
3  59.1310      6282.4822
3  59.1920      6288.9151
3  59.2860      6298.8862
3  59.3140      6301.9457
3  59.3760      6308.441
3  59.4940      6321.1158
3  59.5570      6327.6505
3  59.6200      6334.0013
3  59.6760      6340.3424
3  65.0000      6904.5593
3  77.0690      8178.5593
3  89.7450      9516.5593

#
# LUT shfted to fix slot-D jump, SS Jan.10,2017
# LUT adjusted for GMOS limit switch fix -Sunny

4  0.0000      135.2136
4  7.7550      953.4126
4  26.0250      2882.9126
4  40.2310      4381.4126
4  65.0000      6995.9126
4  77.0690      8269.9126
4  89.7450      9607.9126
