aux_grating
# NOTE: These figures are based on Marc's orientation A measurement
#
# Grating B480:
#
# Values for B480 in position 2 are
# copied over from B600 as a starting point.
#
# Dec 9, 2022; centered wrt the ZPC, unable to run full sequence at this time
# Cell  Tilt    Steps


2  0.0000      20.7707
2  7.7550      838.9707
2  26.0250      2768.4707
2  48.3490      5142.7009
2  48.4120      5149.3401
2  48.4790      5155.9763
2  48.5400      5162.6098
2  48.7350      5182.4977
2  48.7920      5189.1222
2  48.9270      5202.2353
2  48.9770      5208.7804
2  49.0530      5215.37
2  49.1670      5228.6858
2  49.2330      5235.4123
2  49.3010      5242.1903
2  49.4230      5256.0813
2  49.4840      5262.4694
2  49.5500      5269.3439
2  49.6730      5282.3898
2  49.7340      5289.1506
2  49.7990      5296.1001
2  49.8590      5302.7173
2  49.9280      5309.4962
2  49.9840      5315.8224
2  50.0500      5322.4201
2  50.1150      5328.9535
2  50.1760      5335.7802
2  50.2360      5342.1616
2  50.2980      5348.7908
2  50.3600      5355.3358
2  50.4270      5361.9698
2  50.4870      5368.6205
2  50.5540      5375.6075
2  50.6150      5382.1094
2  50.6770      5388.4625
2  50.7400      5395.082
2  50.8010      5401.7765
2  50.8680      5408.5499
2  50.9300      5414.8745
2  50.9900      5421.4009
2  51.0490      5427.8405
2  51.1150      5434.375
2  51.1770      5441.2792
2  51.2410      5448.1283
2  51.3060      5454.866
2  51.3660      5461.5487
2  51.4290      5468.2243
2  51.4880      5474.5358
2  51.5510      5481.3348
2  51.6160      5488.1227
2  51.6760      5494.6375
2  51.7370      5501.3462
2  51.8010      5507.6585
2  51.8620      5514.3456
2  51.9280      5521.0591
2  51.9920      5527.495
2  52.0490      5533.7964
2  52.1130      5540.7755
2  52.1750      5547.0171
2  52.2380      5553.4653
2  52.3040      5560.4043
2  52.3600      5566.7784
2  52.4230      5573.3279
2  52.4880      5580.15
2  52.5460      5586.2876
2  52.6120      5593.1754
2  52.6740      5599.5261
2  52.7370      5605.9933
2  52.7980      5612.553
2  52.8600      5619.3483
2  52.9220      5625.36
2  52.9840      5632.0097
2  53.0440      5638.7739
2  53.1110      5645.4858
2  53.1720      5651.8814
2  53.2350      5658.8726
2  53.2940      5665.0368
2  53.3540      5671.592
2  53.4190      5678.4593
2  53.4810      5685.1216
2  53.5410      5691.7834
2  53.6030      5698.031
2  53.6690      5705.0071
2  53.7270      5711.185
2  53.7920      5718.1656
2  53.8540      5724.4261
2  53.9130      5730.3688
2  53.9740      5737.1767
2  54.0400      5743.9391
2  54.0970      5750.2386
2  54.1580      5756.7871
2  54.2210      5763.246
2  54.2860      5769.8968
2  54.3430      5776.2374
2  54.4040      5782.7551
2  54.4670      5789.1707
2  55.1500      5861.5347
2  55.2120      5868.013
2  55.2680      5874.1404
2  55.4560      5894.0988
2  55.5160      5900.6613
2  55.5800      5906.9832
2  55.6410      5913.362
2  55.7020      5920.1885
2  55.7610      5926.3432
2  55.8230      5932.7302
2  55.8880      5939.723
2  55.9490      5945.9144
2  56.0070      5952.3184
2  56.1350      5965.4128
2  56.1960      5971.9515
2  56.2570      5978.3944
2  56.3140      5984.8446
2  56.3760      5991.1697
2  56.4390      5997.504
2  56.4960      6003.7184
2  56.5620      6010.4137
2  56.6240      6017.0202
2  56.6860      6023.6426
2  56.7430      6029.8217
2  56.8050      6036.3488
2  56.8710      6042.966
2  56.9300      6049.6608
2  56.9940      6056.4415
2  57.0510      6062.8535
2  57.1130      6069.3218
2  57.1730      6075.6822
2  57.2360      6082.2617
2  57.2950      6088.7585
2  57.3570      6095.3316
2  57.4220      6101.955
2  57.4810      6108.3023
2  57.5420      6114.4405
2  57.6030      6121.2162
2  57.6670      6127.4141
2  57.7240      6133.7052
2  57.7880      6140.4883
2  57.8500      6147.0616
2  57.9080      6152.9867
2  57.9690      6159.6568
2  58.0310      6166.2945
2  58.0920      6172.5635
2  58.1530      6179.2935
2  58.2150      6185.8217
2  58.2770      6192.0762
2  58.3390      6198.4535
2  58.3970      6204.8124
2  58.4590      6211.1774
2  58.5190      6217.627
2  58.5820      6224.0988
2  58.6430      6230.5325
2  58.7060      6236.9741
2  58.7660      6243.4364
2  58.8260      6249.9919
2  58.8910      6256.9443
2  58.9480      6263.1719
2  59.0090      6269.404
2  59.0700      6276.1023
2  59.1310      6282.4822
2  59.1920      6288.9151
2  59.2860      6298.8862
2  59.3140      6301.9457
2  59.3760      6308.441
2  59.4940      6321.1158
2  59.5570      6327.6505
2  59.6200      6334.0013
2  59.6760      6340.3424
2  65.0000      6881.4707
2  77.0690      8155.4707
2  89.7450      9493.4707

# Work do commision new LUT -GMOS team 20220913
# re-centering lut 20231005
# re-centering after housing work 20250714
## Cell  Tilt    Steps






3  0.00000      42.2793
3  7.75500      860.4793
3  26.0250      2789.9793
3  48.3490      5141.1209
3  48.4120      5147.7601
3  48.4790      5154.3963
3  48.5400      5161.0298
3  48.7350      5180.9177
3  48.7920      5187.5422
3  48.9270      5200.6553
3  48.9770      5207.2004
3  49.0530      5213.79
3  49.1670      5227.1058
3  49.2330      5233.8323
3  49.3010      5240.6103
3  49.4230      5254.5013
3  49.4840      5260.8894
3  49.5500      5267.7639
3  49.6730      5280.8098
3  49.7340      5287.5706
3  49.7990      5294.5201
3  49.8590      5301.1373
3  49.9280      5307.9162
3  49.9840      5314.2424
3  50.0500      5320.8401
3  50.1150      5327.3735
3  50.1760      5334.2002
3  50.2360      5340.5816
3  50.2980      5347.2108
3  50.3600      5353.7558
3  50.4270      5360.3898
3  50.4870      5367.0405
3  50.5540      5374.0275
3  50.6150      5380.5294
3  50.6770      5386.8825
3  50.7400      5393.502
3  50.8010      5400.1965
3  50.8680      5406.9699
3  50.9300      5413.2945
3  50.9900      5419.8209
3  51.0490      5426.2605
3  51.1150      5432.795
3  51.1770      5439.6992
3  51.2410      5446.5483
3  51.3060      5453.286
3  51.3660      5459.9687
3  51.4290      5466.6443
3  51.4880      5472.9558
3  51.5510      5479.7548
3  51.6160      5486.5427
3  51.6760      5493.0575
3  51.7370      5499.7662
3  51.8010      5506.0785
3  51.8620      5512.7656
3  51.9280      5519.4791
3  51.9920      5525.915
3  52.0490      5532.2164
3  52.1130      5539.1955
3  52.1750      5545.4371
3  52.2380      5551.8853
3  52.3040      5558.8243
3  52.3600      5565.1984
3  52.4230      5571.7479
3  52.4880      5578.57
3  52.5460      5584.7076
3  52.6120      5591.5954
3  52.6740      5597.9461
3  52.7370      5604.4133
3  52.7980      5610.973
3  52.8600      5617.7683
3  52.9220      5623.78
3  52.9840      5630.4297
3  53.0440      5637.1939
3  53.1110      5643.9058
3  53.1720      5650.3014
3  53.2350      5657.2926
3  53.2940      5663.4568
3  53.3540      5670.012
3  53.4190      5676.8793
3  53.4810      5683.5416
3  53.5410      5690.2034
3  53.6030      5696.451
3  53.6690      5703.4271
3  53.7270      5709.605
3  53.7920      5716.5856
3  53.8540      5722.8461
3  53.9130      5728.7888
3  53.9740      5735.5967
3  54.0400      5742.3591
3  54.0970      5748.6586
3  54.1580      5755.2071
3  54.2210      5761.666
3  54.2860      5768.3168
3  54.3430      5774.6574
3  54.4040      5781.1751
3  54.4670      5787.5907
3  55.1500      5859.9547
3  55.2120      5866.433
3  55.2680      5872.5604
3  55.4560      5892.5188
3  55.5160      5899.0813
3  55.5800      5905.4032
3  55.6410      5911.782
3  55.7020      5918.6085
3  55.7610      5924.7632
3  55.8230      5931.1502
3  55.8880      5938.143
3  55.9490      5944.3344
3  56.0070      5950.7384
3  56.1350      5963.8328
3  56.1960      5970.3715
3  56.2570      5976.8144
3  56.3140      5983.2646
3  56.3760      5989.5897
3  56.4390      5995.924
3  56.4960      6002.1384
3  56.5620      6008.8337
3  56.6240      6015.4402
3  56.6860      6022.0626
3  56.7430      6028.2417
3  56.8050      6034.7688
3  56.8710      6041.386
3  56.9300      6048.0808
3  56.9940      6054.8615
3  57.0510      6061.2735
3  57.1130      6067.7418
3  57.1730      6074.1022
3  57.2360      6080.6817
3  57.2950      6087.1785
3  57.3570      6093.7516
3  57.4220      6100.375
3  57.4810      6106.7223
3  57.5420      6112.8605
3  57.6030      6119.6362
3  57.6670      6125.8341
3  57.7240      6132.1252
3  57.7880      6138.9083
3  57.8500      6145.4816
3  57.9080      6151.4067
3  57.9690      6158.0768
3  58.0310      6164.7145
3  58.0920      6170.9835
3  58.1530      6177.7135
3  58.2150      6184.2417
3  58.2770      6190.4962
3  58.3390      6196.8735
3  58.3970      6203.2324
3  58.4590      6209.5974
3  58.5190      6216.047
3  58.5820      6222.5188
3  58.6430      6228.9525
3  58.7060      6235.3941
3  58.7660      6241.8564
3  58.8260      6248.4119
3  58.8910      6255.3643
3  58.9480      6261.5919
3  59.0090      6267.824
3  59.0700      6274.5223
3  59.1310      6280.9022
3  59.1920      6287.3351
3  59.2860      6297.3062
3  59.3140      6300.3657
3  59.3760      6306.861
3  59.4940      6319.5358
3  59.5570      6326.0705
3  59.6200      6332.4213
3  59.6760      6338.7624
3  65.0000      6902.9793
3  77.0690      8176.9793
3  89.7450      9514.9793






#
# LUT shfted to fix slot-D jump, SS Jan.10,2017
# LUT adjusted for GMOS limit switch fix -Sunny
# LUT centered in zero order image 2023.05.31 -Sunny
# LUTcentered and check 20260112 -Sunny
# LUT edited and cntered 20260122 -Sunny

4  0.0000      92.7236
4  7.7550      910.9226
4  26.0250      2840.4226
4  40.2310      4338.9226
4  48.6620      5221.0751
4  48.7300      5227.6899
4  48.8670      5240.7944
4  49.0430      5261.4372
4  49.2320      5281.3155
4  49.2990      5288.12
4  49.3590      5294.8307
4  49.4830      5308.4454
4  49.5500      5315.1119
4  49.6100      5321.5704
4  49.6740      5328.1259
4  49.7310      5335.0962
4  49.7980      5341.6876
4  49.8580      5348.3029
4  49.9220      5355.0023
4  49.9890      5361.7216
4  50.0440      5368.023
4  50.1090      5374.578
4  50.1710      5381.0738
4  50.3020      5394.7668
4  50.3660      5401.2718
4  50.4280      5407.8344
4  50.4920      5414.2679
4  50.5540      5420.6262
4  50.6790      5434.001
4  50.7410      5440.1255
4  50.8020      5446.8769
4  50.8660      5453.6326
4  50.9260      5460.5333
4  50.9900      5467.5419
4  51.0540      5473.8074
4  51.1150      5480.4639
4  51.1760      5486.9512
4  51.2420      5493.7316
4  51.3010      5500.5713
4  51.3610      5506.9159
4  51.4270      5514.0621
4  51.4920      5520.3057
4  51.5530      5526.676
4  51.6130      5533.6357
4  51.6790      5540.7519
4  51.7360      5547.0956
4  51.7990      5553.3434
4  51.8670      5560.125
4  51.9230      5566.476
4  51.9900      5573.123
4  52.0490      5579.5753
4  52.1120      5586.4401
4  52.1760      5592.9445
4  52.2380      5599.5211
4  52.3000      5606.0465
4  52.3640      5612.2547
4  52.4220      5618.606
4  52.4890      5625.3981
4  52.5500      5631.6573
4  52.6150      5638.135
4  52.6750      5644.9343
4  52.7360      5651.3044
4  52.8000      5658.1863
4  52.8620      5665.1649
4  52.9230      5671.5657
4  52.9830      5677.8456
4  53.0450      5684.3654
4  53.1060      5690.9108
4  53.1700      5697.6622
4  53.2320      5704.201
4  53.2960      5711.2757
4  53.3580      5717.7865
4  53.5420      5737.6366
4  53.6010      5743.9067
4  53.6620      5750.3403
4  53.7250      5757.0817
4  53.7880      5763.2963
4  53.8480      5769.9488
4  53.9120      5776.2879
4  53.9720      5782.9931
4  54.0380      5789.638
4  54.0950      5796.0038
4  54.1590      5802.358
4  54.2220      5808.703
4  54.2840      5815.4257
4  54.3460      5821.9377
4  54.4040      5827.9845
4  54.4680      5834.4637
4  54.5290      5840.849
4  54.5910      5847.5645
4  54.6540      5854.3809
4  54.7130      5860.6607
4  54.7730      5867.5099
4  54.8370      5873.7459
4  54.9020      5880.6849
4  54.9590      5887.052
4  55.0210      5893.5949
4  55.0840      5900.267
4  55.1440      5906.9096
4  55.2060      5913.3811
4  55.2680      5919.7333
4  55.3250      5925.9001
4  55.3880      5933.046
4  55.4510      5940.037
4  55.5190      5946.6306
4  55.5770      5952.9138
4  55.6350      5958.9061
4  55.6960      5965.4762
4  55.7580      5971.86
4  55.8230      5978.4581
4  55.8850      5985.2007
4  55.9480      5991.7416
4  56.0050      5998.0936
4  56.0690      6004.2726
4  56.1320      6010.799
4  56.1940      6017.202
4  56.2510      6023.4697
4  56.3140      6029.8299
4  56.3780      6036.3072
4  56.4380      6042.8838
4  56.5010      6049.2481
4  56.5580      6056.0513
4  56.6210      6062.8205
4  56.6850      6069.4696
4  56.7430      6075.4936
4  56.8010      6082.0044
4  56.8680      6088.6542
4  56.9290      6095.2523
4  56.9890      6101.8352
4  57.0480      6108.4076
4  57.1110      6114.9735
4  57.1760      6121.5392
4  57.2400      6128.1088
4  57.5340      6160.0985
4  57.6010      6166.805
4  57.6590      6172.9162
4  57.7220      6179.3073
4  57.7850      6186.283
4  57.8440      6192.4474
4  57.9060      6198.7472
4  57.9690      6205.2415
4  58.0270      6211.3583
4  58.0890      6217.8981
4  58.1570      6224.6348
4  58.2150      6230.6255
4  58.2780      6237.1603
4  58.3370      6243.6235
4  58.4000      6250.1945
4  58.4550      6256.3705
4  58.5170      6263.222
4  58.5800      6269.7853
4  58.6430      6276.1401
4  58.6980      6282.4871
4  58.7600      6289.0664
4  58.8200      6295.5688
4  58.8800      6302.1056
4  58.9440      6309.011
4  59.0070      6315.2892
4  59.0660      6321.3639
4  59.1220      6327.5704
4  65.0000      6950.4026
4  77.0690      8224.4026
4  89.7450      9562.4026
